2 0.07836716394813875 0.3815494609687803 0.014226132001909008 0.014144313231716587
7 0.07583250994591158 0.39796934650739973 0.012699994668999893 0.01726022287263689
1 0.24074843793763923 0.45794326844496014 0.027017033338636143 0.039217036104353654
5 0.17931839990454984 0.7020341569104458 0.06141130935708983 0.1753454336450254
4 0.211376921904868 0.6995040545493137 0.052527205362816874 0.21747839149054773
4 0.25581835992204904 0.5726915696746243 0.037537457351999134 0.13770907825883114
5 0.3571172305856401 0.5947569463344491 0.037537457351999134 0.13770907825883114
5 0.4894661065802312 0.6338280158126816 0.038046534691271464 0.18145907825883115
6 0.43484278859009445 0.561494473560008 0.024546561346272 0.09544885538619426
5 0.5989592852482767 0.6230354406771083 0.047257902689362655 0.16745112041330898
4 0.6580888372454131 0.6437837570320829 0.05065562269254435 0.19090680113146802
3 0.7839149932368226 0.7063286879466337 0.07563744135899882 0.18948974687674217
5 0.7562268925843674 0.6018093595896067 0.030851105346908447 0.10017271682251269