2 0.08512569394495709 0.406514176678863 0.014226132001908986 0.014226132001908986
7 0.08414444927595718 0.42369258601209037 0.014262494668999893 0.017351132001908985
1 0.2516313939370029 0.46705332936822563 0.027017033338636053 0.03937158267027243
5 0.2612678339035953 0.7132925300365892 0.08639312802354437 0.17441929201145392
4 0.33261612257323153 0.692244780712907 0.07536472135581711 0.16647952267663585
4 0.32008994525782164 0.560049898710998 0.03419428134945379 0.11913180800445425
5 0.3096700659214127 0.5825879700429526 0.03413973734881744 0.11444430800445424
5 0.41413029925209466 0.6033373693904973 0.03308631468808994 0.15817612667090888
6 0.4506859645926397 0.5506305400620426 0.02138519867918127 0.09242385733609079
5 0.43527859325273094 0.5988953173933609 0.03922722668681722 0.14887385200509068
4 0.4594427992520947 0.6038646280633152 0.0377919960216353 0.15979317067154533
3 0.7783558839115495 0.6607077107733588 0.045731765356453555 0.17082157733927233
5 0.6095064339195038 0.600141286083678 0.042134050684271965 0.13016021467218158
4 0.7128405192552763 0.5833725040976774 0.06726132001909005 0.14138861600890867
4 0.5760672252546399 0.586469137412451 0.040771545353271675 0.14732953333863605
0 0.7036200605904126 0.5699821660964046 0.012718176002545257 0.018895450668363623
6 0.8463791779121859 0.6568110987825856 0.07567380402608989 0.19304202267663584
6 0.03277066390836785 0.6754727146721816 0.050728348026726044 0.19743862133990878