2 0.10421553611755677 0.37521310255752394 0.014307961850553053 0.014144313231716587
7 0.10217179504601051 0.39241423809614334 0.0128272824674041 0.018822722872636977
1 0.27342523213979725 0.445329638956465 0.02568183847375849 0.039207945745273955
5 0.22948786606660337 0.7034239400879331 0.0560978157455871 0.17062157220870694
4 0.26546627637502884 0.705558611829102 0.05327282467404082 0.1877908914905479
4 0.31742642247999486 0.5489904492613153 0.025592109577076895 0.12357385538619425
5 0.3567889314084486 0.5659506902843249 0.03203302434972919 0.1345477168225127
5 0.5621173595737815 0.6014786032448949 0.034359183440338725 0.1783068071815924
6 0.48061221509366864 0.5425717567374952 0.022058006492821747 0.10011817466803503
5 0.6098690669601078 0.6066700972929666 0.03893758928453757 0.17208407825883115
4 0.7386525860348312 0.5988888926688982 0.046968277596140064 0.18462953005422927
3 0.8821492159044475 0.6730616699926528 0.059741012985643493 0.20032725292686634
5 0.8018792889569305 0.5953957331261737 0.03693871266133186 0.14707498789975162