2 0.9226686247214975 0.3985656640407246 0.014226132001908809 0.014144313231716587
7 0.9244220287237248 0.4149628236816449 0.012718176002545078 0.018822722872636886
1 0.7546731500636334 0.4643911728213233 0.027017033338636053 0.039217036104353474
5 0.7990338667647683 0.7180565283057134 0.05979426535645338 0.17064884328594587
4 0.7639503420989501 0.7245110613850049 0.05854084802672617 0.19720225292686636
4 0.7231242527450419 0.5731758203619953 0.024946550684271963 0.12982385538619426
5 0.6568998160804963 0.589187160622879 0.029652232017817325 0.1314136264634332
5 0.47128048941754164 0.6176126633533535 0.03799199069063519 0.17677157825883114
6 0.5518395987428146 0.5577649646812134 0.024564742679817543 0.09701135538619425
5 0.41336799208304165 0.6093552566392993 0.03946358402290802 0.16896816861791084
4 0.3033208300843143 0.6193711269544124 0.049074941358998814 0.18933521077238852
3 0.17744013009226847 0.6787011960398616 0.06789766669318062 0.19569429508134384
5 0.2296833354153144 0.6026108738311545 0.039136320019090044 0.14084316861791085