2 0.06224845248276913 0.4457165000981959 0.0157159035907962 0.015715903590796287
7 0.06292970853289334 0.4628994549186561 0.014171584308955421 0.018831813231716586
1 0.2385336965308408 0.49234553952219906 0.029923849336070063 0.040797716822512695
5 0.3043485523098185 0.7278921540817754 0.06824198165323567 0.18164088544042353
4 0.3669303655415351 0.7134660397185908 0.09332379488495217 0.1958488311856975
4 0.3145825912428424 0.5801813619272977 0.04602154800821019 0.12213862041330899
5 0.3081826003180287 0.6059989733636163 0.04288745764913058 0.12055793969514958
5 0.4089002178044714 0.6163501452029809 0.04306017447164336 0.15024543969514959
6 0.4506200851927182 0.5622030006873711 0.027126102262936234 0.09702953610435365
5 0.433909308163551 0.6146421994577069 0.05719539734428025 0.16282725292686634
4 0.44793544672723257 0.6208103862259905 0.0712942587805987 0.16915906615858275
3 0.789968410622879 0.6453820975875543 0.05727721057599684 0.17688975292686634
5 0.6058524858566481 0.601923509958949 0.05854881908544911 0.12689884328594586
4 0.6997297508837628 0.5795030884141721 0.04613063231716552 0.140888620413309
4 0.5590865701656036 0.5834462207313376 0.05092721662612103 0.1596658914905479
0 0.6826604255517978 0.5592905823640478 0.01418067466803503 0.02039431323171641
6 0.8314064768796576 0.6396724530719443 0.06993174668035032 0.20352497579950324
6 0.03406332338705738 0.7247772862025494 0.05275333703942993 0.20498748184962742