2 0.08908224336070061 0.40725906401177225 0.015715903590796176 0.01580681333545435
7 0.0891822373105764 0.4244465640117722 0.014171584308955421 0.018913632001909163
1 0.26439586074894744 0.46320162336886206 0.029923849336070063 0.04097044533736351
5 0.26198951999708436 0.7209686700349984 0.06980448165323568 0.18204997867599956
4 0.29404804107432325 0.72602888737268 0.08083288524403187 0.19780224801081764
4 0.3414992371141847 0.5570612587125888 0.0366556383672898 0.12385567067154532
5 0.33071627321853814 0.5834964893777708 0.03819995764913049 0.12074885200509052
5 0.46447364968197136 0.6131759933959062 0.07125789734428026 0.1633181600095451
6 0.4717043667008758 0.5132669000636334 0.018940897540672096 0.03303067600254543
5 0.4823151346548567 0.5915100787316788 0.043114716626120854 0.15986589600572695
4 0.5104628605525556 0.5957435927354968 0.060320397344280255 0.16319089067472686
3 0.837279890606785 0.6432934914464947 0.052607891294156064 0.18028748400699968
5 0.6572651376799188 0.5849526380887686 0.052326090162688035 0.13184998400699968
4 0.7891191256778661 0.5560202107733587 0.04782039734428025 0.1630454400063634
4 0.6525549117822197 0.5809918440881323 0.04623971662612103 0.15990225867281788
0 0.7691475141433519 0.614377603437268 0.01418067466803503 0.020476132001908988
6 0.9427077339909268 0.6374894814608123 0.07148515632127043 0.2023806600095451
6 0.044592941738253136 0.6825039646721816 0.05427038524403184 0.19749316534054523