2 0.0921875 0.3713851986791813 0.0140625 0.014226132001908986
7 0.08984375 0.38776417667886304 0.0125 0.018895450668363623
1 0.25625 0.44985673870145293 0.0265625 0.03937158267027261
5 0.19609375 0.6999380073599533 0.0578125 0.1709852093411815
4 0.23203125 0.7081686780314985 0.05625 0.19752952800763596
4 0.28125 0.56030389003818 0.0234375 0.1299602200031817
5 0.34609375 0.5813709153803159 0.028125 0.13157726400381797
5 0.53046875 0.6241413127386786 0.0359375 0.17698067067154533
6 0.45234375 0.5583884960614063 0.0234375 0.0971477200031817
5 0.58828125 0.62012652207986 0.0375 0.16918635200509052
4 0.696875 0.6385776247612684 0.046875 0.1896079400063634
3 0.81953125 0.7071923594445858 0.065625 0.19607611600890884
5 0.771875 0.6269503287714497 0.0375 0.14106135200509068