2 0.88671875 0.3359375 0.015625 0.015625
7 0.89140625 0.35390625 0.0140625 0.01875
1 0.7296875 0.42421875 0.0296875 0.040625
5 0.6359375 0.65 0.071875 0.1625
4 0.671875 0.5296875 0.04375 0.1203125
5 0.6890625 0.55234375 0.040625 0.11875
5 0.5953125 0.5875 0.0515625 0.1546875
6 0.54140625 0.54453125 0.03125 0.0984375
4 0.58203125 0.59609375 0.0546875 0.1640625
4 0.53984375 0.659375 0.078125 0.1875
3 0.2421875 0.7078125 0.0625 0.1765625
5 0.42734375 0.6203125 0.053125 0.1328125
4 0.35859375 0.62421875 0.05625 0.159375
4 0.4640625 0.57578125 0.04375 0.15
0 0.35390625 0.6453125 0.015625 0.021875
6 0.2359375 0.63828125 0.05 0.0765625
6 0.98046875 0.59765625 0.0390625 0.2015625
5 0.60234375 0.5765625 0.0359375 0.1265625