2 0.05390625 0.4506272560073178 0.0140625 0.015788632001908987
7 0.05546875 0.46861418734086324 0.0140625 0.018913632001908987
1 0.23046875 0.5073692466979531 0.0296875 0.04097044533736351
5 0.22109375 0.7603851586966804 0.0796875 0.18217724801081764
4 0.225 0.7549618620305439 0.06875 0.23048747867599956
4 0.25625 0.6295442387014529 0.040625 0.14578521467218158
5 0.3890625 0.6318709020528157 0.0421875 0.14424089600572715
5 0.4953125 0.656544732733906 0.0453125 0.18490225867281787
6 0.4421875 0.587957817393361 0.0296875 0.10034544533736352
5 0.63125 0.6237515087523597 0.0390625 0.17076703333863605
4 0.6578125 0.6459355914226321 0.053125 0.1959306653405452
3 0.790625 0.684981004773995 0.0625 0.17885225334181776
5 0.77734375 0.5879514634388588 0.0375 0.1035613520050905