2 0.08663419728677486 0.34296875 0.015806813335454438 0.015625
7 0.0817557932845477 0.359375 0.014280676002545345 0.01875
1 0.24181149860759366 0.43515625 0.030160214672181596 0.040625
5 0.15934225457514056 0.67421875 0.07709085335772614 0.1796875
4 0.19059225457514056 0.67421875 0.0713135680299077 0.2203125
4 0.247488239258458 0.5515625 0.04849313868554459 0.1390625
5 0.34634336258754905 0.5828125 0.04849313868554459 0.1390625
5 0.4746496285805494 0.634375 0.052127216024817 0.1828125
6 0.42633085459104897 0.55703125 0.03237724267981754 0.096875
5 0.5863774692473221 0.63359375 0.06135676535645338 0.1703125
4 0.642309295910277 0.6609375 0.06787948535963509 0.19375
3 0.7633206825668681 0.73515625 0.09133516669318062 0.1953125
5 0.7450439445815039 0.62734375 0.04024428668045381 0.1015625