2 0.09923057737904335 0.33782781134627216 0.015806813335454438 0.015806813335454438
7 0.09709591271481596 0.355769289345954 0.014280676002545345 0.018913632001908987
1 0.26580100672340645 0.4210050327020893 0.028597714672181595 0.040952264003817976
5 0.24923331409131402 0.6754652660327712 0.09273403469127164 0.18230451734563574
4 0.3256412727561777 0.663074901376498 0.08168744668999892 0.17280224801081764
4 0.3256038154041786 0.5255930827100435 0.037392006683635515 0.12541817067154515
5 0.3125861947405875 0.5480947913749071 0.03733746268299924 0.12073067067154533
5 0.41921800274504184 0.5821436220559975 0.036284040022271744 0.16446248933799978
6 0.46160495007158764 0.5326436087284971 0.02300224267981754 0.09712953866963617
5 0.4410657307447237 0.5800544107256337 0.04398745202099903 0.15517839600572697
4 0.46461231874599634 0.5897021307288153 0.04257040268936265 0.1676602146721816
3 0.789140698758723 0.6872156667727224 0.05051017202418073 0.17868862133990876
5 0.6217981100811326 0.6048106047501325 0.04531359468490823 0.1348840773392725
4 0.7303191347469509 0.599824207431541 0.07202154535327168 0.1476931600095451
4 0.5879861840785873 0.5856697060789054 0.04396927068745367 0.15361589600572714
0 0.7207623214114964 0.5840901194302683 0.014298857336090797 0.020476132001908988
6 0.8594895614258139 0.6911588267822675 0.08359539202736244 0.20250792934436318
6 0.025050379415950747 0.6088028353357726 0.03831925469445326 0.20510567067154534