2 0.08158963872531548 0.43203125 0.01424431333545444 0.015625
7 0.08257088339431537 0.44921875 0.014280676002545345 0.01875
1 0.25487314473263334 0.4859375 0.030160214672181596 0.040625
5 0.24460090543440444 0.74453125 0.07073176535645347 0.1703125
4 0.2719355647676317 0.74375 0.06637152936027153 0.1984375
4 0.3332895934118146 0.578125 0.03733746268299924 0.1203125
5 0.321852654081769 0.60234375 0.03573860001590834 0.1171875
5 0.46437650875235975 0.63125 0.0487294960216353 0.159375
6 0.4633219914067238 0.540625 0.023982940006363408 0.046875
5 0.48209981074949615 0.61015625 0.05499767735518084 0.1609375
4 0.5180191294159509 0.60859375 0.04097154002227157 0.1640625
3 0.8318821820894051 0.65859375 0.05359880935709001 0.175
5 0.6562458354153143 0.60390625 0.038954506683635516 0.125
4 0.7996049367440874 0.5703125 0.0486385893539083 0.1515625
4 0.6811549287475872 0.59609375 0.055106765356453556 0.1703125
0 0.7860055134070422 0.54296875 0.014280676002545433 0.01875
6 0.9660178143698165 0.6359375 0.06796437126036707 0.196875
6 0.04111227876349555 0.71328125 0.05080107336090782 0.203125