2 0.90390625 0.3592222577172283 0.0140625 0.014307961850553053
7 0.90625 0.3755875974088029 0.0125 0.017405688311602673
1 0.7421875 0.4370450689985885 0.0265625 0.03952615016215581
5 0.80078125 0.6836785612879508 0.05625 0.1681693474022122
4 0.765625 0.6913234659143334 0.0546875 0.19470457386326193
4 0.7171875 0.546075195621794 0.0234375 0.12853410308425506
5 0.65390625 0.5667110239492827 0.028125 0.1301784237011061
5 0.471875 0.6105133912369973 0.0359375 0.1740647913958579
6 0.54921875 0.5458821010589554 0.0234375 0.09572160308425523
5 0.415625 0.6068077386392096 0.0375 0.1678420649348082
4 0.30859375 0.6258634760573079 0.046875 0.18675570616851012
3 0.1875 0.6943834253259592 0.0640625 0.19330571509696384
5 0.23515625 0.6146453323879738 0.0359375 0.1396897913958579