2 0.07018367233034398 0.4237317804388091 0.014153403590796176 0.01587046185055314
7 0.07008822356000799 0.4401380304388091 0.014171584308955421 0.01899546185055314
1 0.24411607601933602 0.4699095308458462 0.029923849336070063 0.0411431972400564
5 0.3620524888817102 0.6076804918856205 0.0509817587805987 0.16962275324641088
4 0.392812130372258 0.5571486578760888 0.04749314441741399 0.10706820616851012
5 0.32391213944744435 0.5841299435899037 0.053815867290050966 0.11967730032431163
6 0.44836723878351437 0.5413366972433518 0.03340337334017516 0.10213524431795715
4 0.4245161274453918 0.612839550327607 0.05886698165323558 0.18225912094116267
5 0.4831098774453917 0.6118167926169692 0.06962267447164336 0.15120003571381488
3 0.7822240883159761 0.624562659907979 0.05570562021691714 0.1759545738632619
5 0.5737666937021704 0.6047661773578493 0.047665861239926596 0.13675570616851013
4 0.576878058163551 0.6070553802799488 0.06347266842151918 0.16827844155801372
4 0.47797747073133756 0.5540997500032953 0.04456813231716552 0.14138865909060955
6 0.7305979558024188 0.6364001866933402 0.06362720452587264 0.19484094155801374
6 0.02402524805509241 0.7041965762988939 0.03863629488495222 0.19596706493480803
5 0.4318200882177803 0.5658418194023304 0.05849427693097127 0.11819662094116268
4 0.6566746424725064 0.5869144297934813 0.0713033491396784 0.17153980925276535
0 0.637888281036188 0.5934917122608855 0.012627265027114731 0.022093188311602674