2 0.07147172660727545 0.4379454275949012 0.015806813335454438 0.015715903590796287
7 0.07204389127150283 0.45591872277444107 0.014280676002545345 0.018831813231716586
1 0.24434560526736665 0.48739195745273883 0.030160214672181596 0.040797716822512695
5 0.24688716056655008 0.7389862737095175 0.07551017202418073 0.17855224687674215
4 0.27809170723268645 0.7430743308911099 0.08662948535963517 0.19424087939029935
4 0.32144335992204903 0.5761277254067197 0.0404806440165447 0.12210225897699037
5 0.3117774585853219 0.601073183252242 0.04198860001590834 0.11742384933607006
5 0.4427547385821402 0.6252742734149299 0.0768544960216353 0.1598113372358217
6 0.4478064125955033 0.526859499312629 0.020694308004454244 0.03293067466803503
5 0.45941552725177653 0.6034947221852659 0.048693133354544574 0.1565227107723885
4 0.48750416458468565 0.606783348648699 0.0643544960216353 0.1597386143631848
3 0.807443947247004 0.6406781222600206 0.05830449069063519 0.17688975292686618
5 0.6314632499204582 0.5896509116840238 0.05619655068427196 0.13000566256778648
4 0.7591978985916853 0.5567980259490126 0.0534169960216353 0.15967498184962742
4 0.6252496125875491 0.5864895502477054 0.05025563335454457 0.15653180113146803
0 0.7405564392505039 0.6145059868195971 0.014298857336090797 0.020394313231716588
6 0.9106962165818221 0.6303405859592754 0.07887152936027135 0.1988829275949012
6 0.03235249323682262 0.7111738493360701 0.06004880402608972 0.19252384328594588