2 0.9262990417995998 0.34296875 0.015897735389503252 0.015625
7 0.9305189374975285 0.3609375 0.014389782467404189 0.01875
1 0.763791133519769 0.43203125 0.03039661201270878 0.040625
5 0.8415651262128729 0.68046875 0.07353077759614024 0.184375
4 0.8079577394433979 0.6796875 0.06645466314779931 0.2265625
4 0.7541588092494701 0.5515625 0.04623189204448082 0.1421875
5 0.6523196197200513 0.58046875 0.04623189204448082 0.1421875
5 0.5180088494275118 0.62890625 0.04858532467404082 0.1875
6 0.56978380924947 0.5515625 0.029870506492821747 0.1
5 0.40308327881066075 0.62421875 0.05774213636243815 0.175
4 0.34492590543386625 0.64921875 0.0628387394466932 0.1984375
3 0.2188367382255819 0.72109375 0.0894012394466932 0.1984375
5 0.2403650904990581 0.61171875 0.03776482710967279 0.1046875