2 0.10937226328772938 0.3352784489667277 0.015806813335454438 0.0157159035907962
7 0.10526601861872949 0.3524886748644268 0.014280676002545345 0.018831813231716586
1 0.26538535860918444 0.42186486787922617 0.030160214672181596 0.040797716822512695
5 0.20314679857577694 0.6683040515242517 0.07229426535645347 0.17072156615858275
4 0.23116271057450427 0.6775154250608184 0.08668402936027153 0.19892837939029934
4 0.3196359592616397 0.5262296601318998 0.0404806440165447 0.12210225897699054
5 0.30374732992523074 0.5489768137226958 0.04200678134945379 0.11898634933607007
5 0.4257490519175947 0.6045132205349459 0.0737294960216353 0.15979315651766246
6 0.4533387972629123 0.5160774344305924 0.02400112133990877 0.048573855386194256
5 0.4470700685869128 0.5848592506873711 0.05494313335454439 0.15655907220870696
4 0.4766575712524128 0.5932802838648583 0.059703358688726206 0.16283634328594587
3 0.7753666965706862 0.7024724349215716 0.059885172024180734 0.17846134328594587
5 0.617046213916322 0.6127746515476927 0.05619655068427196 0.13000566256778665
4 0.7545189419160039 0.6143184499486865 0.05499767735518084 0.16124657220870695
4 0.621797348583731 0.6072786304704538 0.06749767735518084 0.16131929508134402
0 0.7292916752466858 0.6339951456939603 0.01429885733609062 0.020394313231716588
6 0.8955428365690954 0.7134912272724412 0.08045221069381689 0.20045451795398073
6 0.01664041796627428 0.5928551205115047 0.03328083593254856 0.19241475897699054