2 0.9161427917995997 0.33767361583612265 0.014335235389503254 0.015706813231716587
7 0.9187729139585782 0.3540662302975033 0.014389782467404189 0.018831813231716586
1 0.7574456761334428 0.4221991276417835 0.03039661201270878 0.040797716822512695
5 0.6720008741842781 0.5852127329297818 0.05294554220663663 0.1690408914905479
4 0.631420738632619 0.5432570370863121 0.048729600648623264 0.10652271077238851
5 0.7042542666357962 0.55299058538911 0.05519778896022594 0.11905907220870696
6 0.5735536915547182 0.5404683803722581 0.03458528003177221 0.1017533975406721
4 0.6129531566516823 0.6043081665748073 0.060976230518239305 0.18158634328594586
5 0.5553452081938098 0.6163632598607532 0.07136825973923262 0.15039997579950323
3 0.26845490868027716 0.6977279311109428 0.05774213636243815 0.17531816256778648
5 0.46652817004436287 0.6309439103282914 0.049247797888679654 0.1362102107723885
4 0.4634440803527884 0.6333058410464506 0.06541826866768634 0.1675511143631848
4 0.5480997240221225 0.5593683712970716 0.046204618505530703 0.1408795300542293
6 0.3207986586802771 0.6974234040817755 0.06588191882984215 0.1941136143631848
5 0.5949883607915976 0.5598769105246831 0.059858015421275466 0.11752384328594587
4 0.381385556813838 0.6322205848981306 0.0732853157455871 0.17072156615858275
0 0.40173896712226354 0.6344461602300956 0.012881829545304768 0.02194772287263689