2 0.0691577341749827 0.42421875 0.014307961850553053 0.0140625
7 0.06807647524652896 0.44140625 0.014389782467404078 0.01875
1 0.23835201907801876 0.48828125 0.02724433847375849 0.0390625
5 0.19650188961543952 0.7375 0.06560918344033873 0.178125
4 0.22862859700176572 0.73203125 0.05694329545304759 0.21875
4 0.26371843750411916 0.6015625 0.03990007142762995 0.1375
5 0.36661161242304124 0.61484375 0.03990007142762995 0.1375
5 0.5028394387219352 0.64296875 0.04225350405718977 0.1828125
6 0.4422934508967996 0.57578125 0.026690959414921167 0.096875
5 0.6117741079588143 0.6234375 0.05138304220663663 0.16875
4 0.6724115990303605 0.640625 0.05491714529089187 0.1921875
3 0.8035428222449994 0.6921875 0.07991714529089186 0.1921875
5 0.7678292390462467 0.58984375 0.03299550649282175 0.1