2 0.112003297382225 0.3607834847764936 0.01424431333545444 0.015706813231716587
7 0.10984136071767947 0.37639484923787425 0.014280676002545345 0.018831813231716586
1 0.27073395472627 0.440607861043535 0.028579533338636144 0.039226126463433174
5 0.20875376475967755 0.6863243611417309 0.06446358402290801 0.16911361436318478
4 0.24318330876031385 0.6912118490414825 0.06310107869190791 0.1862920240041051
4 0.3055276727402693 0.5439283037637468 0.032649962682999245 0.1204943071815924
5 0.3409111894095874 0.5636640868430381 0.039027232017817326 0.13146816861791083
5 0.5375776514162689 0.6140236769075302 0.044223809357089826 0.17524543969514958
6 0.4641941480744511 0.551100975210328 0.027689742679817542 0.09702953610435347
5 0.5837713987507689 0.6228855925003789 0.04727608402290802 0.16901362041330897
4 0.7080083300843143 0.6251707760472085 0.05679653469127146 0.18156816256778646
3 0.841784440762223 0.708755956568976 0.07104084802672617 0.19727497579950323
5 0.7689640114178597 0.6270878000513136 0.04386018268618095 0.14399543969514958