2 0.07896515665827282 0.3556783826782267 0.015897735389503388 0.015806813335454438
7 0.07554014772981908 0.3728295200111359 0.014389782467404078 0.018913632001908987
1 0.24160943263285514 0.4388374227004984 0.028834112012708867 0.040952264003817976
5 0.18954850609237522 0.6906266420273625 0.06547281574558705 0.17103975334181776
4 0.21830475162814836 0.6995567466979531 0.08005351298564349 0.20089088534372673
4 0.30152812906213267 0.5426805853755435 0.03652960957707681 0.12383748933799979
5 0.2862752759778776 0.5659453627068618 0.038037562499176225 0.12073067067154533
5 0.41274627273146675 0.6174271413908154 0.06843417451188501 0.16170111600890885
6 0.4362031379905865 0.5270566800604518 0.022720479707460585 0.04869203866963616
5 0.4334133287378211 0.5973509987269063 0.048067127433984426 0.15833975867281785
4 0.4637457110430695 0.6055180347310426 0.052863721589785584 0.16464430267345415
3 0.7730058883976236 0.705229870106586 0.05154668344033873 0.17868862133990876
5 0.6072638859619917 0.6204719674172233 0.05226370373287814 0.13026930267345413
4 0.747216730117793 0.6158491967695408 0.04814894805083547 0.16302725867281787
4 0.6120741168872681 0.6134952614178598 0.0622114480508353 0.16319089067472703
0 0.7218349005724882 0.6374332954328136 0.012827282467404189 0.018895450668363623
6 0.8947854310112973 0.7121167641231307 0.0738307865245936 0.20238066000954494
6 0.004025432225818054 0.6204124973345 0.008050864451636108 0.1939499946689999