2 0.925811806055043 0.40546875 0.014244313335454705 0.015625
7 0.9260027100572701 0.421875 0.014280676002545433 0.01875
1 0.7545731527291335 0.46015625 0.028597714672181595 0.040625
5 0.6421833354153144 0.60390625 0.04569540268936265 0.1671875
4 0.6095884640754056 0.55546875 0.04494996801399935 0.103125
5 0.6801736840785872 0.57890625 0.05136360001590834 0.1171875
6 0.5539651727402694 0.5421875 0.030851105346908447 0.1
4 0.5813458327498143 0.6125 0.05365335335772627 0.1796875
5 0.5227702640833598 0.6140625 0.06422722668681721 0.1484375
3 0.22622252808717783 0.6421875 0.05045562802354438 0.1734375
5 0.43290833274981433 0.6125 0.04375109468490841 0.134375
4 0.42980151408335987 0.6140625 0.05819540268936265 0.1671875
4 0.5252316454089511 0.55703125 0.040698820019090046 0.140625
6 0.27867536608845045 0.6515625 0.05848630402608972 0.1921875
6 0.9827013297063847 0.68203125 0.03459734058723072 0.19375
5 0.571425392743451 0.565625 0.05447041868236298 0.115625
4 0.3491600414146781 0.59921875 0.06602608402290802 0.16875
0 0.3687458354153144 0.60390625 0.011173857336090798 0.0203125