2 0.06318878376666245 0.4195136160089087 0.014144313231716565 0.014226132001908986
7 0.06230753981678665 0.4366920253421359 0.01260908430895542 0.018895450668363623
1 0.23388710314669908 0.4894732220321349 0.02678975897699045 0.03937158267027261
5 0.19023151015534082 0.7413260760264079 0.06198289129415606 0.18039657200827222
4 0.22307582641211948 0.7362391340308623 0.05129083098930565 0.22245680267345413
4 0.25977691657480734 0.6054073047024074 0.03675563231716552 0.14104317067154531
5 0.3635922629840112 0.6222413633831796 0.036746541958086 0.13948067067154532
5 0.5024729558024188 0.6551095020687241 0.0370192527304745 0.18635567067154532
6 0.44115872678146173 0.5848600893936791 0.024001102262936412 0.0971477200031817
5 0.6135195401113742 0.6376503767504507 0.04630334913967822 0.17083975867281787
4 0.6743525009819586 0.656328198758723 0.05112720452587247 0.19433180267345412
3 0.807628088414172 0.7125702027768586 0.07612720452587247 0.1946227040101814
5 0.7722950972929665 0.6082457821053133 0.03184087334017516 0.10192612667090888