2 0.10073853337840702 0.33090400732018244 0.015806813335454438 0.015806813335454438
7 0.09701409671386145 0.34657446065404607 0.014280676002545345 0.018913632001908987
1 0.2596055507240428 0.4196926926320925 0.030160214672181596 0.04097044533736351
5 0.18042877009067765 0.6659597126432283 0.07391130935708982 0.17583634134309029
4 0.21493103942549574 0.6764972233052285 0.07576471069381689 0.20085452267663584
4 0.27654869740608756 0.5327921292966381 0.03590223201781732 0.1316499893379998
5 0.33933959874281466 0.5570648759548202 0.04218859468490823 0.1348477146721816
5 0.5212532174172234 0.6119870912635487 0.053635172024180736 0.17872498400699968
6 0.447760626074133 0.5409575232734118 0.033976105346908446 0.10038180800445443
5 0.5790657174172235 0.6113143819223673 0.05512494668999892 0.1724931653405452
4 0.687187300087496 0.6366223699077315 0.06629880402608972 0.1929329346753633
3 0.8052929574315411 0.7141650198918231 0.0851397106938169 0.20096361067790874
5 0.7629049154200869 0.6302718252307774 0.05011018268618095 0.14431362133990877