2 0.9372578360518613 0.39288550612663053 0.01266363200190881 0.014207950668363533
7 0.9398106713876337 0.4108815281269488 0.012718176002545078 0.018895450668363623
1 0.76859019939527 0.4651315814369498 0.02543635200509069 0.037790901336727245
5 0.8222986440960864 0.7172849747771768 0.05832267202418073 0.17877952800763594
4 0.7902219407622229 0.713006007439495 0.04633174936345323 0.22238407733927232
4 0.7472975494111782 0.5820554521005408 0.032886320019090046 0.1409886266709089
5 0.6436185660804963 0.6003776434197687 0.03286813868554468 0.13942612667090887
5 0.5065367367520415 0.6347151860677697 0.03183289735836255 0.1847204453373635
6 0.565075395408951 0.5635310767424965 0.019877242679817542 0.09709317600254544
5 0.3930827640833598 0.6185532893857248 0.04260676535645347 0.1707852146721816
4 0.33317196208622335 0.6389470580442251 0.04600448535963508 0.19425907733927233
3 0.20105035276095023 0.6967766446928624 0.07098630402608971 0.19298747867599958
5 0.23340777207985997 0.5909175433640895 0.0293067866804539 0.10188976400381797