2 0.8988112464839585 0.3328125 0.015715903590795933 0.015625
7 0.9012504452542945 0.34921875 0.014171584308955331 0.01875
1 0.7399634873105765 0.4234375 0.029923849336070063 0.040625
5 0.8250071495837755 0.67265625 0.07445562021691714 0.175
4 0.789128736917793 0.6828125 0.0746101563212708 0.2015625
4 0.7226628787029282 0.53828125 0.03514768052176755 0.1328125
5 0.6634333244482022 0.56328125 0.04140677088084708 0.134375
5 0.48174296291368784 0.621875 0.052607891294156064 0.1796875
6 0.5531998063960254 0.55 0.03339428298109546 0.1
5 0.42236796291368783 0.621875 0.05412493949875792 0.171875
4 0.3154639779408025 0.64375 0.06518970452587265 0.19375
3 0.19172701697202224 0.7265625 0.08397606596219105 0.2
5 0.23810204722264325 0.640625 0.04927381303532483 0.14375