2 0.9052725121781598 0.42468039879053976 0.014335235389503254 0.015788632001908987
7 0.9057673900191812 0.4410957394573125 0.014389782467404189 0.018913632001908987
1 0.7323883912369974 0.4804929521005408 0.028834112012708957 0.040952264003817976
5 0.7622496205407161 0.7394866914385407 0.06552736282348767 0.17416475334181775
4 0.7254626866933402 0.7429656801002226 0.0675262394466932 0.1991829346753633
4 0.6906491302799488 0.588623078095132 0.03041597727182861 0.13157726400381797
5 0.6279173051988708 0.6011770747533142 0.0351307508107789 0.13319430800445425
5 0.43845933888409083 0.6216333833943153 0.04529668344033873 0.17861589600572714
6 0.5246110730557783 0.5655930160725421 0.028280732953871457 0.09874658267027261
5 0.3808377536567432 0.6100231740531339 0.0467228157455871 0.1708215773392725
4 0.2722440036567432 0.6087595713717255 0.05804214529089187 0.19282384667409058
3 0.1345161327155807 0.6649812046864991 0.07687396590774283 0.19772952267663585
5 0.197544012585197 0.5906993673615442 0.04466939204448091 0.14267839600572696