2 0.9292594370970821 0.4327934202682308 0.015897735389503252 0.01571590359079611
7 0.9289594281686284 0.44998092026823083 0.0159795560063543 0.02040340359079611
1 0.7511383912369973 0.47629291451269423 0.03198638555165907 0.042369307181592396
5 0.675145086855496 0.7118122579950319 0.07350350405718978 0.18322156615858276
4 0.6121229354755242 0.6966003484523073 0.09877623944669303 0.1989920119038567
4 0.6707048230557783 0.5633338513791735 0.049029609577076805 0.1237102107723885
5 0.6764911728936225 0.589932712815492 0.045850062499176045 0.12056703005422928
5 0.5747923051988708 0.5971543394753168 0.04795803327818291 0.15182612041330898
6 0.5359031290621328 0.5422350353187866 0.029815959414921166 0.09703862646343317
5 0.5498195787378212 0.5954463937300429 0.06223872158978576 0.1644079336450254
4 0.5348667345820198 0.6016100353187867 0.0764103157455871 0.17073974687674215
3 0.19076217857566538 0.6199226563212706 0.0625114569792891 0.1800329336450254
5 0.3774087905883742 0.5803794090517452 0.06317393019392785 0.1284795240041051
4 0.28406789367262936 0.5563964875069681 0.050919392044480996 0.14246930113146802
4 0.42459743628630314 0.5626833698241337 0.054371674511885 0.16123748184962744
0 0.3031860864484589 0.5354118218159235 0.014444329545304769 0.02195681323171659
6 0.14945138596199156 0.6142130118056608 0.07701033360249454 0.20511474687674217
6 0.9485689500860207 0.7141843208339649 0.059850107141444654 0.20657725292686635