5 0.8096321344584648 0.7062525225573232 0.05884880093507654 0.1787977093411815
4 0.8103724778426067 0.6992121818905505 0.05909424063022613 0.2209852093411815
4 0.7667537671684139 0.5879934185630502 0.030560174471643366 0.15034544533736352
4 0.3835781736860764 0.664331935948457 0.05737720452587256 0.19440452800763594
5 0.24519238455666076 0.6479722339672287 0.03992608411256367 0.14889203333863604
3 0.2698520169720222 0.7234716732972745 0.05109993344863373 0.18964430267345414
5 0.38266056829988215 0.6409035266152296 0.04939198770335986 0.16462612133990895
5 0.5452014749157404 0.6460439179265034 0.05730448165323558 0.18190452800763596
6 0.5728992280389984 0.5722791539226855 0.024010192622015935 0.0987102200031817
5 0.6239168273750685 0.6123132605824584 0.04148858411256366 0.1489102146721816
7 0.9328322433607006 0.3954230158736876 0.01416249394987581 0.017351132001908985
2 0.9303930445903645 0.3790440378740058 0.014153403590795931 0.015788632001908987
1 0.7675799480829649 0.4614127372295048 0.028352258976990542 0.039389764003817974