2 0.08147115115490926 0.3633846156661568 0.014144313231716565 0.014307961850553053
7 0.07902286202549366 0.3813942759745823 0.014171584308955421 0.018995461850553053
1 0.2474365187395478 0.4362612337679456 0.026798849336070064 0.041088650162155814
5 0.3625610281093217 0.6545418551161453 0.06188289734428025 0.16356366801906325
4 0.3155956453993726 0.5366236980541307 0.03508404800821019 0.12247501785690744
5 0.29982974483363856 0.561115183443634 0.03194086729005097 0.11929547077900686
5 0.39810816354974526 0.5867407004897627 0.039962445548882106 0.1553693384737585
6 0.4483899646812134 0.5374304472433518 0.024019282981095458 0.10040910308425506
4 0.4121252117543472 0.5943077386392096 0.04315107806243947 0.16636138555165908
4 0.45943148292978186 0.6536321457012242 0.06515334308955403 0.18861821509696383
3 0.7647684227231275 0.6709564188364328 0.04946471057599684 0.17740797970746058
5 0.5698740792407898 0.6024906112052252 0.04296018052176755 0.13354888555165906
4 0.6402002147794092 0.5989195519524599 0.04623971662612103 0.16016593262956
4 0.5302712237563998 0.5617798364484589 0.032131764830722886 0.15210797077900687
0 0.6463274949318344 0.6199042077966586 0.012618174668035031 0.020530688311602673
6 0.7659678292407899 0.5990677820669575 0.04418633723582168 0.07576365909060953
6 0.010155208238305753 0.6388579484578725 0.020310416476611505 0.20353410308425507
5 0.3895780460633026 0.5759532049539895 0.025745409444528633 0.12856137662320552