2 0.91875 0.4140625 0.015625 0.015625
7 0.91953125 0.4328125 0.015625 0.01875
1 0.74375 0.4671875 0.0296875 0.0421875
5 0.76484375 0.73125 0.0703125 0.175
4 0.72890625 0.72890625 0.0703125 0.19375
4 0.690625 0.5671875 0.0359375 0.1265625
5 0.64921875 0.58125 0.04375 0.1375
5 0.44140625 0.59609375 0.0484375 0.18125
6 0.52734375 0.54453125 0.03125 0.1015625
5 0.3921875 0.5953125 0.053125 0.175
4 0.26484375 0.57578125 0.0625 0.1890625
3 0.11484375 0.6359375 0.0765625 0.20625
5 0.2015625 0.56640625 0.0484375 0.15