5 0.18880536554153507 0.715625 0.058848800935076453 0.178125
4 0.18806502215739335 0.70859375 0.05909424063022613 0.2203125
4 0.23168827801112585 0.59609375 0.030560174471643275 0.15
4 0.6148593263139237 0.66875 0.05737720452587247 0.19375
5 0.7532451154433393 0.65078125 0.03992608411256367 0.1484375
3 0.7285854830279778 0.7265625 0.05109993344863373 0.1890625
5 0.6157769317001179 0.6453125 0.04939198770335977 0.1640625
5 0.45323602508425953 0.65234375 0.05730448165323558 0.18125
6 0.4255382719610016 0.57890625 0.024010192622015935 0.0984375
5 0.3745206726249316 0.61953125 0.04148858411256366 0.1484375
7 0.06560525663929939 0.40625 0.014162493949875787 0.0171875
2 0.06804445540963537 0.38984375 0.014153403590796176 0.015625
1 0.23085755191703505 0.4703125 0.028352258976990452 0.0390625