2 0.9031580786123662 0.38415407386985245 0.014226132001908809 0.014307961850553053
7 0.9037393339433664 0.40132793710037723 0.014280676002545078 0.01899546185055314
1 0.7321455972708665 0.4472831396154396 0.028579533338636054 0.03955342370110628
5 0.7448343119032772 0.6993541542259362 0.06290108402290802 0.16981366801906325
4 0.7158735179026408 0.7045462146965173 0.07416584802672617 0.19812958279171564
4 0.6583984672581398 0.5423013591766302 0.03266814401654479 0.12242047077900686
5 0.6698354065881855 0.5663155576345028 0.03417610001590852 0.11776024431795698
5 0.5389757579169584 0.6021866481368562 0.06433631468808994 0.15890344155801372
6 0.5283206159293669 0.5109849496789838 0.02243862133990877 0.04881932954530477
5 0.5204802965865947 0.5806389306042602 0.04400563335454457 0.15698638555165906
4 0.4891848432527309 0.5850906513832671 0.048765858688726384 0.16331820616851012
3 0.17133372457832224 0.6476584297901861 0.04736699069063528 0.17735343262956
5 0.34706097792014 0.5821037934277481 0.04836586935072651 0.12894320616851013
4 0.21059676658977625 0.5626152280859028 0.0440419960216353 0.16011138555165907
4 0.3432274532543218 0.5759219772751238 0.0565419960216353 0.16032957386326174
0 0.23139961525304917 0.5872470353100732 0.012718176002545257 0.018968188311602675
6 0.051911562579594915 0.640369855519887 0.06949652936027148 0.19961026217486477
6 0.9577888452419133 0.6565824529286899 0.04754880402608954 0.19297843262955983