2 0.937392274753471 0.43599748634762747 0.014307961850553141 0.014144313231716587
7 0.9377059204514 0.45396623634762745 0.014389782467404189 0.018831813231716586
1 0.761947989850435 0.5010871969236244 0.028834112012708957 0.040788626463433175
5 0.789871987007766 0.75798209153743 0.07350350405718978 0.18322156615858276
4 0.7850890296214397 0.7525406126146688 0.06343875730360082 0.2331579336450254
4 0.7446122597359374 0.6269820764121194 0.03537621266133186 0.14706589754067192
5 0.6095787406612139 0.6347996424725064 0.03691143912238175 0.14551248789975163
5 0.5038469379012703 0.6651052868899204 0.04077282467404082 0.18771816861791085
6 0.55416849187903 0.593711555040293 0.025210280031772215 0.10169885538619425
5 0.3643071509696394 0.6385705788480064 0.03427736282348777 0.1736193071815924
4 0.3397162540538945 0.6621535245932803 0.04718646590774282 0.19712953005422928
3 0.2061458234529295 0.7090290454741274 0.057823956979289104 0.18000566256778647
5 0.21299406696010775 0.6089790484991895 0.03461255357072242 0.1033158975406721