2 0.9260572540579064 0.41584460387496025 0.01580681333545435 0.01580681333545435
7 0.9262663393936791 0.43381335387496034 0.014280676002545433 0.018913632001908987
1 0.7516117847310425 0.4655371632320501 0.030160214672181596 0.04097044533736351
5 0.7256145480983136 0.7158735179026408 0.10054653469127146 0.1823954240133631
4 0.6542026247612684 0.6893570185789585 0.08949994668999892 0.172893154678545
4 0.6760856207431328 0.555490548575777 0.04362382535009015 0.12392839600572714
5 0.6857424314130872 0.5796002105745043 0.04200678134945388 0.1192227146721816
5 0.5765128820814509 0.5933729039226854 0.04407835868872638 0.16299089600572714
6 0.5438180134070421 0.536714371260367 0.02767156134627218 0.09562158267027261
5 0.556127656747269 0.5873592612587761 0.050219270687453486 0.15368862133990877
4 0.5319543600811326 0.5915473219287305 0.05034654002227175 0.16462612133990878
3 0.2026213960852688 0.6258523333068193 0.058286309357089824 0.17565452800763595
5 0.37785720607890544 0.5769319332829569 0.05154541335136287 0.1333943026734543
4 0.2736418734086329 0.5515784919637289 0.07827154535327185 0.14776588534372692
4 0.4128680054105419 0.5640228532781844 0.051763589353908124 0.15214430267345413
0 0.2852151727402693 0.5389421319621381 0.014298857336090797 0.020476132001908988
6 0.13297196741722342 0.6165051526495917 0.09138971069381693 0.20103633601209037
6 0.9605526220957682 0.6943872272040513 0.06486357336090762 0.20385225334181775