2 0.10026837580913125 0.3734375 0.014307961850553053 0.0140625
7 0.09742974796810983 0.38984375 0.012827282467404078 0.01875
1 0.26640761890927245 0.44765625 0.02724433847375849 0.0390625
5 0.21454865868027717 0.69921875 0.057660315745587096 0.1703125
4 0.25060888960555366 0.70625 0.056561465907742914 0.196875
4 0.2956605166357962 0.55703125 0.022576203732878143 0.1296875
5 0.36084518587267544 0.5765625 0.02729097727182861 0.13125
5 0.5458747508074836 0.6140625 0.03586713636243814 0.175
6 0.46586392247999486 0.55078125 0.023565959414921168 0.096875
5 0.6043594066516823 0.6078125 0.03732054220663663 0.16875
4 0.7132258920411856 0.6234375 0.04705009821299111 0.1890625
3 0.8385764939076246 0.68828125 0.06588191882984233 0.19375
5 0.7879804301906326 0.609375 0.0368296185055307 0.140625