2 0.10571693471513414 0.35703125 0.014226132001908986 0.0140625
7 0.10358227005090674 0.375 0.014280676002545345 0.01875
1 0.26911691072563365 0.434375 0.028579533338636054 0.0390625
5 0.2329543334261321 0.68359375 0.06455449069063528 0.1765625
4 0.263523080760632 0.6921875 0.07409312269254427 0.190625
4 0.3312180160725421 0.534375 0.032649962682999245 0.1203125
5 0.3174282360757238 0.5578125 0.034157918682362974 0.115625
5 0.44374583541531437 0.60390625 0.06588063335454457 0.15625
6 0.46372143340226957 0.5078125 0.01911362667090888 0.03125
5 0.4638401594127691 0.58515625 0.03775563335454457 0.15625
4 0.49049356608049627 0.59296875 0.054961314688089936 0.1578125
3 0.8008867207590413 0.68046875 0.04734880935709 0.175
5 0.6343344727482234 0.60078125 0.0483658693507266 0.128125
4 0.7662384534134054 0.58984375 0.04246131468808993 0.1578125
4 0.6303736787475872 0.59609375 0.04086245202099903 0.1546875
0 0.7395219594207232 0.64375 0.012718176002545434 0.01875
6 0.9056560367599957 0.6875 0.06479084802672616 0.196875
6 0.02752139875076886 0.61953125 0.04286130402608971 0.1921875