2 0.8960419427116342 0.34163154145444896 0.015806813335454705 0.015806813335454438
7 0.9009203467138616 0.3580923354550853 0.014280676002545078 0.018913632001908987
1 0.7392930507240428 0.4312014767663591 0.030160214672181596 0.04097044533736351
5 0.8241787700906776 0.6774684967774949 0.07391130935708964 0.17583634134309048
4 0.7899310394254957 0.6880060074394951 0.07576471069381689 0.20085452267663584
4 0.7249680160725421 0.5427384134309046 0.03590223201781732 0.1316499893379998
5 0.662768008076042 0.5677924100890868 0.04218859468490823 0.1348477146721816
5 0.4821907174172234 0.6234958753978153 0.053635172024180736 0.17872498400699968
6 0.554010626074133 0.5524663074076784 0.033976105346908446 0.10038180800445425
5 0.4243782174172234 0.6228231660566337 0.05512494668999892 0.1724931653405452
4 0.31687480008749597 0.6481311540419981 0.06629880402608972 0.1929329346753633
3 0.20059636676476825 0.7248925540260898 0.0851397106938169 0.20096361067790838
5 0.24102991542008692 0.641780609365044 0.05011018268618095 0.14431362133990877