2 0.9362523892823205 0.38672641279435777 0.014226132001908809 0.014226132001908986
7 0.9383961446133207 0.40394118479467594 0.012718176002545434 0.018895450668363623
1 0.7650944572724574 0.45740089743790424 0.025454533338636055 0.039353401336727246
5 0.8144291965706862 0.7166037221116767 0.05512494668999892 0.1724931653405452
4 0.7776377212365044 0.7224264607733588 0.05232721069381689 0.20058180267345413
4 0.734106991923958 0.5687742021005409 0.020295413351362868 0.13303067600254542
5 0.6667104065881855 0.5859611547580867 0.02656359468490841 0.13466590133672707
5 0.47722973591664014 0.6196987133990879 0.03332267202418073 0.17848862667090887
6 0.5599973299252307 0.5573719834102238 0.02147610534690845 0.10023635733609079
5 0.4179365519175947 0.611976572724361 0.03481244668999892 0.17225680800445425
4 0.3060632605824584 0.6239578573758617 0.04444198535963517 0.19424089600572714
3 0.17796498524032245 0.6873198286919079 0.061665848026726075 0.19756589067472702
5 0.23123598325114014 0.6082414033656803 0.03448518268618095 0.14413180800445424