2 0.9395834047183158 0.3641455369382215 0.014226132001908809 0.014307961850553053
7 0.9405646493873157 0.3813194001687464 0.014280676002545078 0.018995461850553053
1 0.7700254300604518 0.4319621026838085 0.027035214672181597 0.041088650162155814
5 0.8121060314289956 0.6906552642100501 0.06137494668999892 0.17291139448011278
4 0.7761776220957683 0.692063805605908 0.05846812269254435 0.1916068474022122
4 0.7251225574076784 0.5351104220828435 0.02956132535009015 0.1239284237011061
5 0.6862509614099055 0.5521985105566021 0.035956776018453596 0.13653751785690743
5 0.4803373160804963 0.5847048676980469 0.0380283533577261 0.1803147913958579
6 0.5617140380728604 0.5270230069031541 0.024601105346908625 0.10040910308425524
5 0.43272651941435997 0.5894429606360324 0.04420562802354446 0.17417388555165908
4 0.30447425007954176 0.5807418908299602 0.05216357869190791 0.18681025324641087
3 0.1599799100890868 0.6535908299523419 0.06484539202736239 0.20265344155801354
5 0.24112027474535996 0.575596469157449 0.040771545353271856 0.1475568384737585