2 0.9309083860598154 0.43523896224532643 0.015806813335454705 0.015715903590796287
7 0.9311083807288153 0.45242646224532646 0.014280676002545078 0.01883181323171641
1 0.7580345073997242 0.4846854921031641 0.030160214672181596 0.040797716822512695
5 0.7782401087682681 0.7439604981532882 0.07389312802354446 0.17385565651766227
4 0.74305658676795 0.7418212812325797 0.07409312269254435 0.19104315651766246
4 0.7052645907463144 0.5826553594914109 0.03893632535008997 0.12365566861791084
5 0.6663475414146781 0.5953826184684013 0.0468942760184536 0.13620112041330898
5 0.45944356074949616 0.6075245910464506 0.05365335335772627 0.17998748184962743
6 0.5455986894095874 0.5585825761175318 0.033976105346908446 0.10019089754067209
5 0.4125594700827235 0.6070160518188391 0.05824994668999892 0.17220225292686636
4 0.2873049314130872 0.5858682805452086 0.06778857869190791 0.18631929508134384
3 0.13874070942072325 0.6429864098373121 0.08205107336090785 0.2035886083130606
5 0.22545891207826915 0.5752898497288536 0.05170904535327185 0.1471658914905479