2 0.08286375994591158 0.39691018181878096 0.014226132001908986 0.014307961850553053
7 0.08188251527691168 0.41411131858825617 0.014280676002545345 0.01899546185055314
1 0.25552855327023016 0.46028906899529326 0.027035214672181597 0.041088650162155814
5 0.20871499856782272 0.7243339780859028 0.06141130935708983 0.1760363944801128
4 0.2461604545671864 0.7283669131510946 0.0601760733609078 0.20413412094116268
4 0.2901660879217308 0.5713805275994355 0.025001094684908232 0.13478410308425506
5 0.3540467745862764 0.5858873125024715 0.03126927601845377 0.1364556972400564
5 0.5466609885821402 0.6129877804421044 0.03960903469127146 0.1819045649348082
6 0.46300415125718536 0.5527418015454229 0.024601105346908625 0.10040910308425524
5 0.6053638265834129 0.6025900227314668 0.041080628023544466 0.1741193384737585
4 0.7170371232495494 0.6045462146965175 0.050710166693180625 0.19615797970746057
3 0.8530104385741861 0.6662222800383627 0.0695147106938169 0.2011727621748646
5 0.7937632552514583 0.5891473112879508 0.03919086401972631 0.14596706493480802