2 0.07116803551517832 0.4164249786759996 0.014144313231716544 0.014226132001908986
7 0.07049132464459391 0.4343846380092268 0.01260908430895542 0.018895450668363623
1 0.24109926131468148 0.48714765336568033 0.02521816861791084 0.037790901336727245
5 0.2112991735878805 0.7360027766947714 0.06352721057599683 0.17728975334181776
4 0.21595031215156207 0.7298073206954078 0.051309011707464956 0.22558180267345412
4 0.2566611496819713 0.6107578760343622 0.02895222267624522 0.14251476400381796
5 0.3879747821955286 0.6232226080521794 0.03051472267624522 0.14253294533736352
5 0.49050488455666075 0.6564447353994061 0.030741981653235585 0.18159544533736352
6 0.4432162732185382 0.5848055453930427 0.020885192622015936 0.0986738573360908
5 0.6270963695295462 0.6361606020846324 0.024410168421519173 0.1674602200031817
4 0.6506747700952802 0.6606520720878141 0.03704652380771343 0.19104317067154533
3 0.7798673664062882 0.7113707821053132 0.047884029857837615 0.1739829400063634
5 0.773830468963812 0.6136508974379042 0.02870678298109546 0.10032726400381797