2 0.8893881902843248 0.3520610498549219 0.015715903590795933 0.01571590359079611
7 0.8924177415139889 0.36848548057308117 0.014171584308955331 0.018831813231716586
1 0.7263927657144856 0.4362719025106417 0.029923849336070063 0.040797716822512695
5 0.7952235371845081 0.6913684686692244 0.06820562021691715 0.17539088544042353
4 0.7600354709277294 0.6966326855899331 0.06675220452587247 0.19413179508134384
4 0.6921763261175318 0.5431077097904299 0.03511131908544911 0.1267624878997516
5 0.6545490610904172 0.5647645411725191 0.04142495159900648 0.13773634933607007
5 0.45267294370217037 0.6174981348512484 0.046366981653235585 0.18151362041330898
6 0.5280547387835144 0.55230947208707 0.030278373340175156 0.1017352168225127
5 0.40417635636815297 0.6273725837197802 0.05258062021691714 0.17529998184962742
4 0.2752473804704539 0.6305288790957118 0.06047493344863373 0.1894079336450254
3 0.13879627518245546 0.718019267855785 0.07462833703942992 0.20511474687674217
5 0.21117124493183445 0.6324999243734475 0.04774767447164328 0.15027271077238852