2 0.10105239812984715 0.35744996801399936 0.014153403590796199 0.015788632001908987
7 0.09704615417997135 0.37459201468013575 0.014171584308955421 0.018913632001908987
1 0.2623075398167867 0.4390192360359529 0.02836134933607006 0.040952264003817976
5 0.2820013745185255 0.6798896840388163 0.05884880093507636 0.1787977093411815
4 0.3452871696980654 0.6798447780474068 0.08392152380771342 0.19158861067790856
4 0.31953825683569115 0.5396919453771344 0.038199957649130575 0.1207488520050907
5 0.307678606269957 0.5637743353755436 0.036619276930971265 0.11760567067154515
5 0.4036041846269841 0.5937987373885883 0.03523858411256366 0.14883748933799978
6 0.4538632598607532 0.5498492900620426 0.022429511903856714 0.09556703866963616
5 0.42858600390882484 0.5972146387253154 0.04780221662612103 0.1599204400063634
4 0.44103600693388695 0.6059538393936791 0.061891987703359776 0.1647715720082724
3 0.7678525161072691 0.7003878287714498 0.04789312021691714 0.1755454400063634
5 0.5972132840612501 0.6202719727482235 0.05228063836728971 0.12403748400699968
4 0.6925439647794093 0.6182560340944956 0.038309041958086 0.13949885200509068
4 0.5551757749860637 0.5939998267424965 0.04154312626704133 0.1582852146721816
0 0.6793990701656035 0.5946639927593594 0.012618174668035031 0.020457950668363624
6 0.8092405853891099 0.703994634110404 0.05897606596219092 0.20067270934118148
6 0.02036145521324365 0.6213482886696362 0.0407229104264873 0.20207157733927233