2 0.34662538741245086 0.5828125 0.034776084022908015 0.16875
1 0.38201744740608756 0.5359375 0.03869996801399935 0.103125
2 0.31035153274186017 0.55390625 0.04355110001590834 0.1171875
3 0.43972085940481487 0.5265625 0.024601105346908625 0.1
1 0.40849867874758716 0.59609375 0.04273403469127164 0.18125
2 0.46871856341499624 0.6015625 0.054834045353271854 0.146875
2 0.5601793574156326 0.60625 0.03593859468490823 0.134375
1 0.5633316294159508 0.60859375 0.04882040268936265 0.1671875
1 0.46881801340704204 0.54296875 0.031323820019090044 0.140625
3 0.7154577507558596 0.65703125 0.04600448535963508 0.19375
2 0.42123448874122377 0.54921875 0.04822041868236297 0.115625
1 0.6460259507479054 0.5984375 0.05508858402290802 0.16875
0 0.625758904081769 0.60234375 0.009611357336090798 0.0203125
