2 0.6359375 0.65 0.071875 0.1625
1 0.671875 0.5296875 0.04375 0.1203125
2 0.6890625 0.55234375 0.040625 0.11875
2 0.5953125 0.5875 0.0515625 0.1546875
3 0.54140625 0.54453125 0.03125 0.0984375
1 0.58203125 0.59609375 0.0546875 0.1640625
1 0.53984375 0.659375 0.078125 0.1875
2 0.42734375 0.6203125 0.053125 0.1328125
1 0.35859375 0.62421875 0.05625 0.159375
1 0.4640625 0.57578125 0.04375 0.15
0 0.35390625 0.6453125 0.015625 0.021875
3 0.2359375 0.63828125 0.05 0.0765625
3 0.98046875 0.59765625 0.0390625 0.2015625
2 0.60234375 0.5765625 0.0359375 0.1265625
