2 0.21489180619963372 0.6784603015242516 0.06506243949875792 0.1722477047222643
1 0.25164691763595215 0.6844966780858807 0.05893061416679295 0.19252384328594588
1 0.32731401726660986 0.5301450004909793 0.0304056383672898 0.12361021682251269
2 0.33054810157556525 0.54887681977282 0.03351245764913049 0.1205033975406721
2 0.5410725111182898 0.6109354164766115 0.04790221057599684 0.1768352107723885
3 0.47579696906200797 0.5370939163784156 0.027144282981095457 0.10015453610435365
2 0.5573605864502548 0.5905274677062755 0.04002607806243948 0.16585225897699055
1 0.6651912671684139 0.5930252329297818 0.04941016842151917 0.16746930113146802
2 0.7590276255796703 0.6073235613850049 0.042996541958086 0.1393079396951496
3 0.013061140606784987 0.6335392078455223 0.020013559912066863 0.21729658430895532
