2 0.24482474589478337 0.7190750746340016 0.06501698770335987 0.1648079346753633
1 0.2713827007152436 0.7179847419637289 0.06050220452587265 0.19444089067472703
1 0.33529014373004296 0.556292716621593 0.03348518657189174 0.11600680800445425
2 0.322931044295777 0.5806569172899565 0.03191359621281205 0.11442612667090887
2 0.46139410147736937 0.6102978692711847 0.04465903590796181 0.15675907733927233
3 0.4624384510098311 0.5212171879376392 0.02214771077238851 0.047129538669636165
2 0.47846342680933435 0.5897853746021848 0.04934653590796181 0.15681362133990895
1 0.5136105864502547 0.5878137945974122 0.03686471662612103 0.15979317067154514
2 0.6487532009116352 0.5838973592457313 0.03664654800821019 0.12229317067154533
1 0.7892054840891226 0.5525735392266412 0.043041993753484144 0.14736589600572714
1 0.672931044295777 0.576584298575777 0.05096357806243947 0.16620680267345414
0 0.7765464028052292 0.5253752398950049 0.014171584308955331 0.018913632001908987
3 0.9513105743500063 0.6170980212046878 0.06360902380771342 0.19135225334181777
3 0.04306680317457161 0.687826716661364 0.051145385244031824 0.19745680267345414
