2 0.6268661092457313 0.6490031857863248 0.06593517735518084 0.16131020472226432
1 0.6704262999284124 0.5312798754814745 0.03888178134945388 0.11896816861791085
2 0.686550739258458 0.5555940742518105 0.03730110001590834 0.11739657825883114
2 0.5908927939210946 0.5847270623479538 0.04553177068745349 0.15337953005422947
3 0.5406478932606852 0.5383378756778662 0.026145424013363082 0.09858294574527378
1 0.5767302965865946 0.5932389991162372 0.048765858688726384 0.1627727107723885
1 0.532280315245095 0.653140719062008 0.07089539735836255 0.18477497579950325
2 0.4226422332511401 0.6079685987468949 0.04838405068427178 0.1299602107723885
1 0.35389223325114016 0.6075686229473917 0.05027381468808993 0.15809430113146802
1 0.46064221992363985 0.5652180173648057 0.03766472668681722 0.14864657825883115
0 0.3481780352482766 0.6286305566906131 0.014317038669636161 0.02195681323171659
3 0.23037291725018566 0.613881734580102 0.04618520401018138 0.07526362041330899
3 0.9756945079169583 0.6174365858610795 0.036720392027362436 0.20176248789975162
2 0.5988234725891399 0.5746162641433519 0.031160188017181057 0.1267352168225127
