2 0.2123519498504905 0.6993931146960441 0.05565107806243948 0.1662613466740906
1 0.24748547395279147 0.7037084447008166 0.047956752730474506 0.1864829400063634
1 0.314782579142594 0.551356151376498 0.02257495764913058 0.12056703866963617
2 0.3185842900131784 0.5693703547103617 0.027235186571891744 0.11593408267027243
2 0.5261013533430908 0.6225697220719058 0.03692834913967822 0.17073067067154532
3 0.46088087432213387 0.5522748560629971 0.022429511903856537 0.09556703866963616
2 0.5410632780111259 0.6024299447405875 0.03062380698520073 0.1612829453373635
1 0.6465547539088249 0.599750934754905 0.03999880698520073 0.16139203333863605
2 0.7386831665748074 0.6109798834340863 0.03515677088084708 0.13477498933799978
3 0.008538166083828045 0.6610556786680454 0.01707633216765609 0.2096113573360908
