2 0.7208229800029157 0.7095326112349136 0.09008971057599666 0.17759883601209037
1 0.6490843353891099 0.6869314525780041 0.07909766842151918 0.1680965666772723
1 0.6662678110904172 0.553146798575777 0.03664654800821019 0.12229317067154533
2 0.677068955704223 0.5764570292409588 0.03505677693097127 0.11758748933799978
2 0.5699331665748073 0.5956712005888217 0.03530221662612103 0.15977498933799977
3 0.5350905339630542 0.5421740305935943 0.022429511903856537 0.09556703866963616
2 0.5480854376520462 0.591238239258458 0.04150676483072289 0.1520352146721816
1 0.5254019165748074 0.5961893685948669 0.04000789734428025 0.16295453333863605
2 0.37232691354974523 0.5893773892823205 0.044513590162687855 0.13175907733927233
1 0.2685342930382405 0.5710551979630927 0.06958631303532484 0.14454997867599956
1 0.407560431601922 0.5756870592775479 0.04306017447164336 0.15049089600572713
0 0.2795490610904172 0.5576466786282746 0.012618174668035031 0.020457950668363624
3 0.13141556723873732 0.641396064648319 0.07927038524403182 0.1977840666772721
3 0.9530360371845081 0.6755826832034151 0.05272606596219091 0.2005999840069997
