2 0.24296875 0.7356396973663166 0.06875 0.16954997867599958
1 0.28046875 0.7352947993714073 0.0640625 0.1898079346753633
1 0.3265625 0.5748936487109979 0.0328125 0.12225680800445424
2 0.33359375 0.5921629647119524 0.0375 0.11918635200509069
2 0.54765625 0.6196538074076784 0.0515625 0.17403748400699967
3 0.47265625 0.5578436033974971 0.0296875 0.09722044533736351
2 0.559375 0.5986964174092693 0.04375 0.16300907733927233
1 0.6640625 0.583508316756814 0.053125 0.1646806653405452
2 0.75703125 0.583027606102768 0.0453125 0.13802725867281787
3 0.03203125 0.7238102173376817 0.04375 0.21457157733927232
