2 0.20563043568812894 0.7027370365245937 0.05878516842151908 0.16819662094116267
1 0.23298782122674835 0.7055580734562248 0.05271697560311139 0.19933752678536115
1 0.3133106046006273 0.5476012974816424 0.027253367290050966 0.11921365016215582
2 0.2993799148072818 0.5700120856310894 0.027244276930971357 0.11765115016215581
2 0.4394872852205907 0.6177655673671449 0.03842721662612103 0.16002956493480802
3 0.4483304992144331 0.5265229586008469 0.020585210772388507 0.04722955600635448
2 0.4581236557320955 0.5985615998345489 0.04311471662612103 0.16011138555165907
1 0.4948560412707149 0.6015462779998819 0.029079487703359774 0.1645534237011063
2 0.6339730834251927 0.6133486229664621 0.03041472872636941 0.1255181972400564
1 0.7807389991162372 0.5971623356277942 0.036810174471643364 0.1506272913958579
1 0.658941267168414 0.6083162495896677 0.0431692587805987 0.16948638555165907
0 0.7704191226528041 0.568860057624617 0.014171584308955331 0.01899546185055314
3 0.9413815833269968 0.683551623370204 0.05582379488495235 0.19626707386326192
3 0.013133863479421928 0.6462573912337021 0.019922656321270688 0.2018897824674042
