2 0.22834577302214645 0.7132887528393738 0.061919258780598695 0.16981366801906325
1 0.25570315856076586 0.7161097897710047 0.055851065962191096 0.20095457386326193
1 0.33993219193464486 0.5582211976437982 0.03038745764913058 0.12083069724005639
2 0.3236622973208391 0.5813723254848198 0.030369276930971356 0.11770569724005639
2 0.4637787580932276 0.6306883072208752 0.04156130698520073 0.16164661201270897
3 0.47574697208707006 0.5395002455324779 0.020585210772388507 0.0472295560063543
2 0.4839776286047324 0.6115116132272295 0.04625789734428025 0.16329093262956001
1 0.5207191045024315 0.6160587913925626 0.03221357806243948 0.16617047077900687
2 0.6598497821955286 0.6302048863591427 0.033548819085449114 0.12713524431795714
1 0.8089776286047325 0.6171845093289002 0.039944264830722886 0.15224433847375848
1 0.6856037611182897 0.6259673997518235 0.04630334913967822 0.17110343262956001
0 0.7978674117822198 0.5873060945562478 0.01417158430895551 0.01899546185055314
3 0.9688571435336513 0.7066851603018349 0.05895788524403187 0.19788412094116267
3 0.0256702249157404 0.6527255795453047 0.044940837039429915 0.20545115909060954
