2 0.2539111676087309 0.7121924882321725 0.06541826866768634 0.16827844155801372
1 0.2836668514561067 0.715580540992116 0.07840919236879244 0.19662162986961623
1 0.33706676663579616 0.5513174435899038 0.03491256249917622 0.12088524431795715
2 0.3265520064895265 0.5757271083625561 0.03798301542127547 0.1178147913958579
2 0.45678497726853334 0.6047134046296779 0.06681712743398442 0.15893071509696383
3 0.4645781120094135 0.5139247633959758 0.022693206168510116 0.04725682954530477
2 0.47359064772322845 0.5825383957012242 0.04801258035608367 0.15547843262956001
1 0.5041139448011291 0.5851315616916926 0.05280917451188501 0.16181025324641088
2 0.6453838271063775 0.5748508064166868 0.050646656654977563 0.1274079797074606
1 0.7793360872526472 0.5482865320669575 0.04653190097293454 0.16013865909060954
1 0.6483997329505762 0.5685462593387861 0.06056712743398442 0.15882162094116267
0 0.7594599638758527 0.5736410880733119 0.01282728246740401 0.018968188311602675
3 0.9383895332748878 0.6166256546329733 0.07221373944669338 0.19963753571381487
3 0.043113989443397886 0.6791420292209931 0.05176487175194148 0.1914704797074606
