2 0.21065763964383605 0.7170313166375013 0.06036584913967831 0.17100339067472703
1 0.24736275410521663 0.7189478052991835 0.05267152380771334 0.19122498400699967
1 0.30845531109041724 0.5573103239576838 0.0257181383672898 0.12372840133672725
2 0.31303372678146185 0.5760057799570474 0.03038745764913049 0.12065794533736351
2 0.5284223774453918 0.6141217559277761 0.04165221057599684 0.17703521467218158
3 0.4569382628858153 0.5477705972708665 0.024010192622015935 0.0987102200031817
2 0.5426075972929666 0.5928643739258671 0.03377607806243947 0.16600680800445425
1 0.6504746394474443 0.5822348619112313 0.044713578062439474 0.16613407733927232
2 0.7449740731906657 0.5866036412317319 0.038309041958086 0.13949885200509068
3 0.005712887493031868 0.6952125026655 0.011425774986063736 0.21577045066836362
