2 0.20859375 0.6973910174498703 0.06875 0.1715125357138149
1 0.23671875 0.7025694411509765 0.0640625 0.201118215096964
1 0.328125 0.5502586931795713 0.0359375 0.1209397913958579
2 0.31171875 0.5726285710205928 0.034375 0.11935001785690744
2 0.44765625 0.6296888689092723 0.0484375 0.16178297970746058
3 0.46328125 0.5385553542987758 0.0234375 0.04884660308425524
2 0.46875 0.6113070616851021 0.053125 0.16342730032431163
1 0.5046875 0.6166218530809597 0.040625 0.16633411201270895
2 0.64296875 0.6385668112780649 0.0390625 0.1272443384737585
1 0.790625 0.6325504107088721 0.046875 0.15394320616851012
1 0.66796875 0.6350969379012703 0.0546875 0.17282957386326192
0 0.78203125 0.6034941562446452 0.0140625 0.01899546185055314
3 0.94453125 0.7305493542954805 0.06875 0.19807503571381488
3 0.01875 0.6276710324674041 0.0375 0.2053420649348082
