2 0.7824003500954502 0.6986207270760494 0.05499767735518084 0.16124657220870695
1 0.7558560314289956 0.7003377631804029 0.04909312269254436 0.1908977107723885
1 0.6782566480744512 0.5445286455957644 0.026345418682362974 0.11577044574527377
2 0.6925918680776328 0.5678843323640479 0.02630905601527207 0.11264544574527377
2 0.5571270827498143 0.6093001936039746 0.034594270687453486 0.1533158975406721
3 0.5482782467377241 0.5202831453993726 0.019277258672817866 0.045421584308955334
2 0.5381498160804963 0.58987802791293 0.03929995202099903 0.15490566861791083
1 0.5030117474140418 0.5916450609922214 0.026836314688089936 0.15795794574527378
2 0.3687185634149962 0.5994580818730685 0.029524962682999246 0.12047612646343317
1 0.22551345607890544 0.5799773497288536 0.03450336401972631 0.1455033975406721
1 0.3436549287475872 0.5941347776183423 0.03939085868872629 0.16271816861791083
0 0.23612369207508746 0.5517887172152962 0.012699994668999893 0.01726022287263689
3 0.07017252275617769 0.6590113856368153 0.05218176002545336 0.18779089149054773
3 0.980198493037862 0.649810001472938 0.0396030139242761 0.19553066861791085
