2 0.10242830271322514 0.3412505170461286 0.01424431333545444 0.015870461850553054
7 0.09950329738222502 0.35849256412402924 0.014280676002545322 0.018995461850553053
1 0.2612498667249973 0.42521463961214423 0.028597714672181595 0.0411159237011061
5 0.18598842675840488 0.6726720665596613 0.07074994668999893 0.17307503571381488
4 0.22126285542645024 0.6822146619332786 0.07105902936027153 0.19963753571381487
4 0.2820901727402694 0.537373720375265 0.034321550684271965 0.13026024431795716
5 0.341737892743451 0.559774825895152 0.03904541335136287 0.1334670649348082
5 0.5228520800843143 0.6120934821463878 0.05049199069063519 0.17740797970746058
6 0.4493776700747693 0.5430492017075786 0.030832924013363083 0.0989556972400564
5 0.5798742394175417 0.6103167479747004 0.05198176535645338 0.17118525324641087
4 0.687123665420087 0.627198510556602 0.061593122692544355 0.1916613944801128
3 0.8107071634309045 0.7047450377490005 0.08041584802672616 0.19823867694751698
5 0.7628594620862232 0.6219694939175107 0.04852950135263541 0.1430057061685101