5 0.22572573945328375 0.7626716750608186 0.07350350405718978 0.18322156615858276
4 0.2234910836090851 0.7564353105994378 0.07892738960884901 0.22543633723582168
4 0.2490286461082613 0.6359864552132437 0.043297806817133376 0.15336134933607007
4 0.6458218254914103 0.6383650040070208 0.0737762394466932 0.19884656615858276
5 0.7817280978125446 0.5946099379466337 0.05267280681713338 0.1534158914905479
3 0.769386010556602 0.6751423204601912 0.06744441882984234 0.1941227047222643
5 0.6423246785756653 0.6149502299047198 0.06388304220663663 0.16910452400410508
5 0.4807598871798076 0.6518240368899204 0.07358532467404082 0.18790906615858277
6 0.44055367289362246 0.5833149314055304 0.03299550649282175 0.10018180718159223
5 0.3959309196472116 0.6335694614597596 0.05423530681713338 0.15342498184962744
7 0.05026168385067113 0.4770028615345144 0.014389782467404078 0.01883181323171641
2 0.05054805600964971 0.46059661153451437 0.015897735389503388 0.015715903590796287
1 0.22623780276323885 0.5095694009585175 0.031986385551659155 0.042369307181592396