2 0.049111024753471046 0.44140625 0.014335235389503409 0.015625
7 0.04862978368192479 0.45859375 0.014389782467404078 0.01875
6 0.4393247418790299 0.596875 0.026772780031772213 0.1015625
4 0.2470378303527884 0.6359375 0.04020008035608367 0.1546875
5 0.2145719780793122 0.7453125 0.058451248375146925 0.215625
4 0.21710664285196452 0.75625 0.0649194366867496 0.228125
5 0.39868215096963944 0.640625 0.03543075973923262 0.15
3 0.7671651440697806 0.71484375 0.05491714529089187 0.1921875
5 0.4780929614402207 0.66953125 0.06105805113509053 0.1859375
5 0.644816811278065 0.64296875 0.05458986282348768 0.1734375
4 0.6444719379012703 0.66796875 0.059713739446693025 0.1984375
5 0.7876219200443628 0.63359375 0.04486030681713338 0.153125
1 0.22836787661991015 0.50625 0.03039661201270887 0.040625