2 0.06875 0.45508747579950326 0.015625 0.015715903590796287
7 0.06875 0.47305622579950324 0.015625 0.018840903590796286
1 0.246875 0.5123737767345796 0.0296875 0.042360216822512696
5 0.221875 0.7700408309893058 0.0734375 0.184802246876742
4 0.25390625 0.7631959333504379 0.065625 0.226944295081344
4 0.28125 0.6274175146343313 0.046875 0.1440227107723885
5 0.38671875 0.6366248638722054 0.0453125 0.14245112041330898
5 0.52890625 0.6593270865484506 0.0484375 0.18778180113146803
6 0.46171875 0.593311201108027 0.0296875 0.10017271682251269
5 0.63984375 0.6334100020431035 0.0578125 0.17533634328594588
4 0.703125 0.647840661585828 0.0625 0.1988011143631848
3 0.84140625 0.6947389083643742 0.0890625 0.1989556504675381
5 0.79765625 0.5913593783101448 0.0375 0.10490566861791084