2 0.9079881993595112 0.3620656232097784 0.01414431323171641 0.014226132001908986
7 0.9086694554096354 0.3792440325430057 0.012609084308955331 0.018895450668363623
1 0.7403552717646098 0.44057352589914095 0.02678975897699054 0.03937158267027243
5 0.7997974076960128 0.6968957038908686 0.05882152985783762 0.1741102093411815
4 0.7638190010801545 0.7043451245624139 0.05741356596219109 0.20065452800763595
4 0.7115712207313376 0.554182039902959 0.024210180521767554 0.1330852200031817
5 0.6497388412428424 0.5744314525780041 0.028906770880847078 0.13470226400381796
5 0.46198885636815296 0.6195819626034573 0.03697380093507654 0.17854317067154532
6 0.5412769014494969 0.5530388052594125 0.024010192622015935 0.0987102200031817
5 0.4026456726249316 0.6148041032781844 0.040062439498758096 0.17232953333863604
4 0.2924166997522947 0.6285858872931382 0.04955561416679295 0.19275112133990877
3 0.1615252480550924 0.7027602786441829 0.06834197560311144 0.19921929734245403
5 0.2159087419067723 0.620101772636865 0.03833631303532483 0.1441863520050907