2 0.9111679561718056 0.4290298688611848 0.015897735389503252 0.015715903590796287
7 0.9101003340128269 0.4454406640407246 0.014389782467404189 0.018831813231716586
1 0.7330196367727705 0.4761553746167214 0.030396612012708955 0.040797716822512695
5 0.6071411550367151 0.6167172629840112 0.0560978157455871 0.17062157220870694
4 0.579121295052601 0.5661041846269841 0.051854600648623086 0.1065408914905479
5 0.6481888948904453 0.592262163647941 0.05835006249917605 0.12063975292686635
6 0.5231576672115796 0.5500251875538503 0.037710280031772035 0.10177157825883114
4 0.545340584419864 0.6217638321676561 0.06412850405718977 0.1831670240041051
5 0.4852116079588143 0.6205513109922214 0.07454780681713338 0.1535431565176623
3 0.18263603287773647 0.6355915454741273 0.06089440990138843 0.17689884328594588
5 0.3946957021146157 0.6148285518188392 0.052400071427629945 0.13779089149054774
4 0.3915434285756653 0.6164092325369984 0.0685978157455871 0.170694295081344
4 0.49247072889997695 0.5627024495559029 0.04938416558343128 0.1440227107723885
6 0.23477523133560893 0.6470057684449602 0.07059669236879244 0.1957033854404237
6 0.950762695621794 0.7115832936274156 0.05502623944669338 0.19873748184962742
5 0.5383735641273246 0.5733717839630541 0.06303756249917605 0.12066702400410509
4 0.31141559781254463 0.5973461360295987 0.07646486282348777 0.17386474687674217
0 0.3300701404262184 0.6027058017206434 0.012881829545304768 0.02194772287263689