2 0.8980833494341024 0.33359375 0.014335235389503254 0.015625
7 0.9008810669666983 0.35234375 0.014389782467404189 0.01875
1 0.7341105783307841 0.41796875 0.03039661201270878 0.040625
5 0.7531297650208291 0.67109375 0.09691373051823948 0.18125
4 0.6767718165629566 0.659375 0.08581258928453739 0.171875
4 0.6744843879905865 0.521875 0.039654609577076984 0.1234375
5 0.6889463084452817 0.54375 0.03957278896022594 0.11875
5 0.5828639038188991 0.57890625 0.04033644805083547 0.1625
6 0.5399593835263596 0.53046875 0.025128459414921166 0.096875
5 0.5610298141273246 0.5765625 0.04645008035608367 0.1546875
4 0.5374286728936225 0.5859375 0.046640995128736054 0.165625
3 0.21616555317027591 0.68515625 0.054644409901388434 0.1765625
5 0.38246843750411913 0.6015625 0.04922052434972919 0.134375
4 0.2739292345820198 0.5984375 0.07443871266133203 0.146875
4 0.41482696997152313 0.5828125 0.04798530681713338 0.153125
0 0.28279571997152314 0.5828125 0.014417056006354479 0.0203125
6 0.1465524825534249 0.68984375 0.08633078652459387 0.2015625
6 0.972298550734644 0.60234375 0.03794783360249454 0.2046875