2 0.09788194633444908 0.36289889465309155 0.014144313231716565 0.014226132001908986
7 0.09543820238457328 0.3801136666534097 0.01260908430895542 0.018895450668363623
1 0.2599456090986274 0.43600803596436527 0.02678975897699045 0.03937158267027261
5 0.20145081128680897 0.688234154638774 0.0587942587805987 0.16942270934118148
4 0.23658433538910995 0.6917313246340016 0.05734084308955421 0.18815452800763593
4 0.29684110021983284 0.5394779339592747 0.02883404800821019 0.12220226400381798
5 0.3334507659108774 0.5578006726209567 0.03358518052176755 0.13319430800445442
5 0.533982031036188 0.5984331212603671 0.036964710575996665 0.17698067067154533
6 0.45777860021983285 0.5376052566040939 0.024010192622015935 0.0987102200031817
5 0.5808206695998696 0.6041376812540037 0.04161584913967822 0.1707852146721816
4 0.706615555138489 0.6003303339035954 0.05106357201231528 0.18339430267345413
3 0.8452189920049682 0.6776184452180507 0.0636544756031114 0.19916475334181777
5 0.7691201003180288 0.5988218305617775 0.03833631303532492 0.1441863520050907