2 0.8839648920797231 0.34937131612026723 0.015715903590795933 0.015806813335454528
7 0.8869898981298473 0.3665951787873581 0.014171584308955687 0.018913632001908987
1 0.7272058319712643 0.43505318276572263 0.029923849336070063 0.04097044533736351
5 0.7843769407753042 0.6802662327736769 0.0712942587805987 0.1695681600095451
4 0.7569786486208265 0.6893230594366316 0.08552947560311139 0.19941929201145409
4 0.6711280279129299 0.5390952454248594 0.039771548008210186 0.12232953333863605
5 0.6866257628858153 0.5611520587603138 0.04130677693097127 0.1176602146721816
5 0.5652093051384889 0.6152117554105418 0.07280221662612103 0.16021134134309048
6 0.5383700700674077 0.5281748320734966 0.02371930113146803 0.0487102200031817
5 0.5426621394474443 0.5961981260741329 0.05402494554888211 0.1553056653405452
4 0.5137058924725064 0.6044555214035422 0.058757897344280254 0.1631727093411815
3 0.21384172697785356 0.7119112960295896 0.05727721057599684 0.17721702800763595
5 0.3737439678044714 0.623140792051225 0.05543290944452863 0.1287613466740906
4 0.23701158226585192 0.6238936753659985 0.05405221662612103 0.15999316534054522
4 0.36908828406125005 0.6176174980505886 0.06655221662612103 0.16013861600890866
0 0.26189340759781693 0.6444970767027256 0.01418067466803503 0.020476132001908988
6 0.09580479928475642 0.7222573553469085 0.07928856596219105 0.2009090666772721
6 0.9762195280111259 0.6074934461329938 0.04174311416679295 0.19266021467218158