2 0.10041181671704313 0.3699755979869551 0.014226132001908986 0.014226132001908986
7 0.09827715205281576 0.3879716199872733 0.012699994668999893 0.017332950668363534
1 0.26376633939367905 0.44152223929822887 0.027017033338636053 0.03937158267027243
5 0.25649183076063203 0.6892966679662742 0.08483062802354438 0.17440111067790856
4 0.3305287674251776 0.6728080546228656 0.07378404002227175 0.16489884134309046
4 0.32584926340704207 0.5392506672899565 0.032649962682999245 0.12067612667090888
5 0.3135947114099055 0.5604898679583201 0.03259541868236297 0.11598862667090888
5 0.41862765674726904 0.5889592186107754 0.029961314688089935 0.15813976400381796
6 0.45788960407381474 0.5384955946053666 0.019840880012726814 0.09396817600254544
5 0.43968504408017817 0.5855887706079118 0.03768290802036276 0.15041817067154534
4 0.4624322007479053 0.5931376412715028 0.03624767735518084 0.1613374893379998
3 0.778984448758723 0.669152511895323 0.04262494668999892 0.1723477146721816
5 0.6140765167488599 0.5984053019175948 0.04057155068427178 0.13014203333863605
4 0.7194452694143599 0.5885843119032772 0.06569882001908986 0.1413704346753633
4 0.58184527207986 0.5815905192552764 0.03766472668681722 0.14885567067154531
0 0.7091162967456782 0.5738587405713226 0.012718176002545434 0.018895450668363623
6 0.8477435394254957 0.6691337832193234 0.07412948535963508 0.19458634134309047
6 0.030074234086541474 0.6372363706635911 0.04605902936027149 0.1989465773392725