2 0.9380464633064713 0.36794512508869104 0.014153403590796287 0.015706813231716587
7 0.9412714572563472 0.3851508058068503 0.014171584308955331 0.018831813231716586
1 0.7736935926967707 0.45136109220579135 0.02836134933607006 0.040788626463433175
5 0.8282685049699697 0.7008889144144984 0.07449198165323559 0.18167724687674217
4 0.823549188713191 0.6953928933372595 0.0638453731437835 0.23161361436318478
4 0.7697378666026798 0.5771150711285525 0.036782903394404445 0.14552157825883114
5 0.6386196768093344 0.5990077309658646 0.03833631303532492 0.14396816861791084
5 0.538083866504484 0.6406089028052293 0.040144252730474506 0.18616475897699036
6 0.5790492340891225 0.5650685473208391 0.02558178298109546 0.10014544574527377
5 0.39818557435000634 0.6304203156676035 0.03536584913967831 0.17051248789975162
4 0.37567931527482 0.656069755460949 0.04801129488495217 0.1955852107723885
3 0.2502525892789251 0.7162754815550398 0.05884880093507636 0.17846134328594587
5 0.2473361466569092 0.6178243460164203 0.03497496369925477 0.10332498789975161