5 0.8080901529982343 0.7274042572284747 0.05151940990138826 0.1768443011314682
4 0.8087623088424329 0.7211497120489347 0.05069329545304768 0.2190227107723885
4 0.7692577037295829 0.6065241306668456 0.02446598620028233 0.14856476502711474
4 0.3834526172844193 0.661117744539051 0.05020237175194149 0.1908977107723885
5 0.24550260389173872 0.6361364461380573 0.03381371266133195 0.14705680718159223
3 0.26716514406978054 0.7133620214700223 0.04389782467404082 0.18773634933607006
5 0.3830571509696394 0.638461494539051 0.043461448050835384 0.16273634933607006
5 0.5458162495896677 0.6523598471947707 0.050011456979289194 0.1799602107723885
6 0.576592916797952 0.5802984948336386 0.02044095941492117 0.09698408430895533
5 0.6257804391190863 0.6229854437021703 0.03537621266133186 0.1470658975406721
7 0.9434377232113436 0.424242374911309 0.012800008928453722 0.01726022287263689
2 0.9416024878218401 0.40862646527038854 0.012772735389503253 0.015697722872636887
1 0.7756559338440805 0.4806928836919077 0.027217064934808022 0.03765453610435347