2 0.8995717113615637 0.33694236281106055 0.014153403590796287 0.015706813231716587
7 0.9018154674116878 0.35411622727244113 0.014171584308955331 0.018831813231716586
1 0.7365717416121847 0.42382526015534083 0.029923849336070063 0.040797716822512695
5 0.8100991034412868 0.6765139229195192 0.06820562021691715 0.17539088544042372
4 0.774107061286809 0.6860980011783504 0.06836015632127079 0.20195338544042354
4 0.7140286002198328 0.5387962751824554 0.030460180521767556 0.1329852168225127
5 0.6529592900131783 0.5618070491865605 0.0367283612399266 0.13614657825883114
5 0.4674985129840111 0.6152280067374953 0.04635789129415606 0.179951120413309
6 0.5436842839630541 0.5452558743221338 0.02870678298109546 0.10016362646343317
5 0.4089183985226306 0.6132251452029809 0.047884029857837615 0.17371021077238852
4 0.2986530642136752 0.632616015518094 0.058939704525872647 0.19408634328594587
3 0.1716315010801545 0.7122585846035431 0.07772606596219105 0.2004454275949012
5 0.22212692564999367 0.6268114431129952 0.04614881303532483 0.14401362041330898