2 0.9153131806174567 0.35180028520850576 0.014244313335454705 0.015788632001908987
7 0.9182381859484569 0.3689514225414149 0.015861357336090974 0.02049431333545444
6 0.5565814285885036 0.5692268792568671 0.03086928668045381 0.10190794533736351
4 0.7525751812540037 0.5755388718969139 0.04711245202099903 0.15521475867281787
5 0.8021655539067771 0.6772917285566868 0.06815220536281678 0.21795111600890865
4 0.8020382845719588 0.6882292285566869 0.07454765603118041 0.23052384134309048
5 0.6038104172501857 0.6053910985837311 0.04237040802036276 0.1504727146721816
3 0.25386386656591375 0.7391330359643653 0.06317380402608971 0.1928965720082724
5 0.5306905432447768 0.6460802805935943 0.06936926002545327 0.18828179734245404
5 0.3619314525780041 0.6488251146165023 0.06139312802354437 0.17412839067472685
4 0.3663371419080497 0.672989320615866 0.0663897106938169 0.2007454346753633
5 0.2195894112428678 0.6637608659691377 0.05178177068745358 0.15370680267345413
1 0.7501870726050482 0.4451155752307775 0.03330339600572714 0.04256930800445424