2 0.10463930995386576 0.3379482390429514 0.01424431333545444 0.01587046185055314
7 0.09975181528486586 0.3552175596598024 0.014280676002545322 0.018995461850553053
1 0.25990751794241174 0.41959588514791735 0.028597714672181595 0.0411159237011061
5 0.2297002079090042 0.6661669220795483 0.09582267202418074 0.17976141233702042
4 0.3048183865770496 0.654701542209932 0.08477608402290801 0.17019549756436803
4 0.3126228905951851 0.5209986980541307 0.040462462682999245 0.12099433847375848
5 0.2983149425923216 0.5423379099046837 0.04040791868236297 0.11630683847375849
5 0.4002405219207764 0.5764889931034365 0.0409169960216353 0.16005683847375848
6 0.4445359619271397 0.5288503340128269 0.026090880012726813 0.09418637662320535
5 0.4221337032543218 0.5745446635581317 0.04707608935390813 0.15235343262955983
4 0.4431183652530491 0.5835514707823022 0.04720335868872638 0.16329093262956001
3 0.7520928285725953 0.6797001733006596 0.05358062802354446 0.17433752678536116
5 0.5944808705840493 0.598093437504119 0.04840223201781733 0.13206820616851012
4 0.6999678019175948 0.5946899736249712 0.07511018268618094 0.14503185633066593
4 0.5634490465865947 0.5798889082831259 0.04862040802036276 0.1508182061685101
0 0.6915467745862764 0.579996228089198 0.014298857336090797 0.02055796185055314
6 0.8207791939051863 0.6839688875868447 0.08666584802672617 0.1983477711033185
6 0.019747236632728836 0.59960453368522 0.03949447326545767 0.20079093262955983