5 0.21071330323045928 0.755258022636865 0.066189716024817 0.18355793467536313
4 0.20923261923141379 0.7482449539704105 0.06980561203054406 0.22578179734245402
4 0.2379672412476403 0.6283955306333653 0.037701089353908125 0.15198067067154533
4 0.6346149745783223 0.6433087219128222 0.06637152936027153 0.1991829346753633
5 0.7717882579169584 0.6026553552275958 0.045513589353908125 0.15207157733927232
3 0.7567894192393679 0.6832877372295048 0.06004880402608972 0.19286020934118148
5 0.6317717852482766 0.6191263345799131 0.058213584022908015 0.16940452800763595
5 0.4689172492441404 0.6514859432686393 0.06622607869190808 0.1866829346753633
6 0.4306729092536855 0.5816279766072755 0.027726105346908624 0.10030908267027243
5 0.38557803791377665 0.6305836446133206 0.048656770687453665 0.1536704400063634
7 0.044600143937002894 0.4634806973265458 0.014280676002545335 0.018913632001908987
2 0.04479104793923007 0.4470744473265458 0.01424431333545445 0.015788632001908987
1 0.21989958859804865 0.5028415473026833 0.030160214672181596 0.04097044533736351