2 0.11057284387512105 0.32994094398472795 0.0157159035907962 0.015806813335454438
7 0.10657114510478505 0.3463926473185916 0.014171584308955421 0.018913632001908987
1 0.26630014822804304 0.41796656063018356 0.029923849336070063 0.04097044533736351
5 0.1859485311343838 0.6673222179742284 0.07289312021691714 0.17583634134309029
4 0.22106387451852552 0.673944387969456 0.07299311416679295 0.19302384134309047
4 0.29457916345154944 0.5254427059595927 0.03822722872636941 0.12543635200509068
5 0.33039394360397456 0.5461182852880475 0.046103361239926775 0.13646475867281788
5 0.5284723744203297 0.605528005927776 0.052607891294156064 0.18028748400699968
6 0.45699735021983284 0.5376143472708665 0.03339428298109546 0.10038180800445425
5 0.5745024919067724 0.6159291565881855 0.057259029857837616 0.17409202800763596
4 0.7010149949318345 0.6230502185710044 0.06671584308955403 0.18826361600890867
3 0.833291163746137 0.7136923052196416 0.08086924668035031 0.20405224801081764
5 0.7642689738545956 0.6270013745624139 0.05086358411256366 0.14901930267345415