2 0.08515781264254138 0.4036067890312197 0.014144313231716565 0.014144313231716587
7 0.08446746623333755 0.41922724385167986 0.014171584308955421 0.01883181323171641
1 0.2542396107489474 0.46161979781181844 0.02678975897699045 0.039217036104353474
5 0.36601796896381206 0.6067964633064713 0.04158857806243947 0.16586134933607005
4 0.39855321301188373 0.5593311108471433 0.04278746369925477 0.10337043969514959
5 0.3291492280389984 0.5808015898681003 0.04754768657189175 0.1158977107723885
6 0.4539537853187866 0.5479350685944697 0.02870678298109546 0.10016362646343317
4 0.4270100111182898 0.6165259873105764 0.04947380093507636 0.17840680113146803
5 0.4856173966569092 0.6192106257760621 0.060229493753483965 0.1472204336450254
3 0.780344089377121 0.65451790846257 0.04631243949875792 0.172138620413309
5 0.5746798966569091 0.6197287762436002 0.04140677088084708 0.13461134933607005
4 0.5778185321955286 0.6220907069617596 0.054079487703359776 0.16437157220870696
4 0.48294184855050315 0.5621657402374426 0.036746541958086 0.13927157825883113
6 0.7280457911725191 0.6620258814334028 0.05423402380771343 0.19093407220870695
6 0.024244080301934666 0.675899424668035 0.0339397045258726 0.19394089754067192
5 0.4361213907049809 0.5712680294650541 0.052226096212812226 0.11436248184962743
4 0.6574287641433518 0.60927306527482 0.061910168421519175 0.1675420240041051
0 0.6387014900410509 0.6130702309658647 0.011055674668035032 0.020376132513557365