2 0.903125 0.4293349392107329 0.0140625 0.015788632001908987
7 0.90234375 0.44575027987750565 0.0140625 0.018913632001908987
1 0.7296875 0.48213431723427735 0.0296875 0.04097044533736351
5 0.75078125 0.7420451192314138 0.071875 0.17583634134309029
4 0.7140625 0.7424723805697317 0.065625 0.19607611600890884
4 0.665625 0.5774110019096405 0.034375 0.12539998933799978
5 0.65859375 0.595461567910595 0.0375 0.12231135200509069
5 0.4390625 0.62379729527373 0.053125 0.1787431653405452
6 0.51640625 0.5603973192632304 0.03125 0.10036362667090888
5 0.42734375 0.6012774052753208 0.04375 0.1676965773392725
4 0.31953125 0.5861256672899565 0.0546875 0.16938634667409058
3 0.1046875 0.6503443506524552 0.0734375 0.20241702267663583
5 0.22421875 0.5864534786362287 0.046875 0.14117044000636342
6 0.9671875 0.7301520045353697 0.0421875 0.21924089600572697