2 0.0765625 0.43135963534372673 0.015625 0.01580681333545435
7 0.07734375 0.44777497601049954 0.0140625 0.018913632001908987
1 0.24921875 0.4786811727004984 0.0296875 0.04097044533736351
5 0.36875 0.616790794716725 0.0515625 0.16778748400699967
4 0.3984375 0.5671362400540885 0.0484375 0.10525112133990877
5 0.33046875 0.5921266020448616 0.0546875 0.11938634667409058
6 0.45234375 0.5521384960614062 0.034375 0.10039998933799979
4 0.43046875 0.6221964573917701 0.059375 0.17881589067472703
5 0.48828125 0.6213066667329514 0.06875 0.14923747867599957
3 0.7828125 0.6372338481062678 0.0578125 0.1741102093411815
5 0.57734375 0.616093002745042 0.05 0.13495680267345414
4 0.58046875 0.6176918654121327 0.0640625 0.1663704346753633
4 0.48203125 0.5649839413987697 0.0453125 0.13958975867281787
6 0.73203125 0.6483617047660409 0.0640625 0.1913704346753633
6 0.034375 0.7074312393379998 0.0484375 0.19275112133990896
5 0.43671875 0.5753941827259519 0.059375 0.11787839067472702
4 0.65859375 0.5990696820894049 0.071875 0.16958634134309047
0 0.63984375 0.6051015060868596 0.0125 0.022020450668363622