2 0.9109375 0.39184971745699426 0.0140625 0.014226132001908986
7 0.91328125 0.40906448945731244 0.0125 0.018895450668363623
1 0.74453125 0.4633509054344044 0.0265625 0.03937158267027243
5 0.79765625 0.7186565707749495 0.0546875 0.17094884667409058
4 0.7625 0.7213724907701771 0.053125 0.18968066534054523
4 0.7046875 0.5660122814289956 0.025 0.12372840133672725
5 0.66640625 0.5835355887571322 0.03125 0.13473862667090888
5 0.46328125 0.6217970153962243 0.0328125 0.17850680800445423
6 0.54140625 0.5617685820734966 0.021875 0.09869203866963616
5 0.415625 0.6267112347230883 0.0390625 0.17232953333863604
4 0.28828125 0.6213232060391345 0.046875 0.1849204400063634
3 0.146875 0.6970215453532719 0.059375 0.20069089067472703
5 0.225 0.618243112030544 0.0359375 0.14573067067154516