2 0.9116674900540884 0.3878832358768693 0.014226132001909165 0.014226132001908986
7 0.9126487347230883 0.40506164521009663 0.014280676002545433 0.018913632001908987
1 0.7428998560629971 0.45548091056655 0.027017033338636053 0.03937158267027243
5 0.790449207431541 0.7143377425605049 0.05824994668999892 0.17252952800763593
4 0.7537759107654045 0.7186712538988228 0.05223630402608972 0.19276930267345413
4 0.6886038020766783 0.5569075979074134 0.024892006683635514 0.1252727200031817
5 0.6841344780792237 0.5757121419080496 0.029524962682999246 0.12063976400381797
5 0.4666929867520415 0.6235609379376392 0.03957267202418073 0.17856135200509052
6 0.5377589174092693 0.5531933465945487 0.023038605346908447 0.10025453866963616
5 0.452385038749178 0.6026308199395483 0.03319540268936265 0.16755112667090888
4 0.34291913208145075 0.5960910132877293 0.04257040268936265 0.1676602146721816
3 0.13448956142581392 0.679777311982819 0.05857721069381694 0.20065452800763595
5 0.2476884480824053 0.6042313246340015 0.03755563868554459 0.13948067067154532
6 0.9963777500397709 0.6837673531986426 0.007244499920458125 0.21889545066836363