2 0.9027103469001831 0.32931675787718745 0.014153403590796287 0.015788632001908987
7 0.9049541029503073 0.3464769858768693 0.014171584308955331 0.018913632001908987
1 0.7428535578689635 0.4139837538988228 0.029923849336070063 0.04097044533736351
5 0.7992070552366848 0.6640922945576413 0.0697317587805987 0.16954997867599958
4 0.7718405793389858 0.6683167178946867 0.06521697560311139 0.1991829346753633
4 0.6820973441697087 0.5178087352403224 0.03663745764913049 0.12073067067154533
5 0.6975905339630541 0.540283171904868 0.03505677693097127 0.11758748933799978
5 0.5629064617543472 0.5949717665897764 0.04780221662612103 0.1599204400063634
6 0.5478041574014252 0.5053098299252307 0.023710210772388506 0.0471477200031817
5 0.5426985008837628 0.5772393739258671 0.05406130698520073 0.16155566534054522
4 0.5067337298065239 0.5823450445974123 0.04001698770335978 0.16451703333863604
3 0.20770081128680898 0.6881614293045922 0.05101812021691714 0.17558180267345413
5 0.36990135031802873 0.6034671612826388 0.03822722872636941 0.12543635200509068
4 0.22385759729296661 0.5965733659691377 0.04774767447164328 0.1505454400063634
4 0.34492407621572774 0.5998518126193659 0.054115849139678394 0.1709306653405452
0 0.23261951893593952 0.5675671186346378 0.014171584308955331 0.018913632001908987
6 0.07019172092772934 0.6913238866565914 0.06832379488495222 0.19609429734245404
6 0.9824058954975685 0.5955588285328244 0.029297656321270793 0.20188976400381797