2 0.06673877327341185 0.44224259134309046 0.015806813335454438 0.01580681333545435
7 0.06732002860441196 0.45943918200986317 0.014280676002545345 0.018913632001908987
1 0.23959447059995762 0.49426071936663474 0.030160214672181596 0.04097044533736351
5 0.2162729598981865 0.7526181120305441 0.07389312802354438 0.17427384134309049
4 0.25375477856464107 0.7546169640356347 0.0742022106938169 0.20083634134309047
4 0.2836706399188674 0.6010379780394527 0.03590223201781732 0.1316499893379998
5 0.34685189258436744 0.6103680720480432 0.04060791335136278 0.13326703333863604
5 0.5357689419160039 0.6250680134070421 0.05361699069063519 0.1771624840069997
6 0.4488598352562308 0.5732686087284972 0.03239542401336308 0.09880112667090887
5 0.5921825739179128 0.6116600414146781 0.053544265356453555 0.17091248400699968
4 0.7016121179185493 0.6082452347628593 0.06473630402608972 0.19291475334181776
3 0.8393024745783222 0.6606355327816311 0.08512152936027136 0.19940111067790856
5 0.7737325659214127 0.5879878261059497 0.050092001352635404 0.14275112133990878