2 0.10420466920708601 0.350944355582586 0.0157159035907962 0.01571590359079611
7 0.10097967525721022 0.3681500363007452 0.014171584308955421 0.018831813231716586
1 0.2662137898167867 0.43437395823830577 0.029923849336070063 0.040797716822512695
5 0.21630365164588858 0.6877807593697739 0.06980448165323568 0.18164997579950323
4 0.24671785949141087 0.6969784973677214 0.08083288524403187 0.1973386083130606
4 0.32497973575845224 0.5387160245932803 0.0366556383672898 0.12364657825883114
5 0.309218380372258 0.5622444281840765 0.038199957649130575 0.12053066861791084
5 0.4362621485226306 0.6130660639190876 0.07125789734428026 0.16290906615858275
6 0.4618302959651068 0.5152643681738137 0.018940897540672096 0.03292158430895533
5 0.45746498283158604 0.5941933440715127 0.04311471662612103 0.15962043969514958
4 0.4839774858566481 0.6026325579671592 0.060320397344280255 0.1628454336450254
3 0.7966724076960128 0.7015911909716959 0.052607891294156064 0.17998748184962743
5 0.6307706726249316 0.6158405642136752 0.052326090162688035 0.13154998184962743
4 0.7667490792407898 0.6080184529737485 0.04782039734428025 0.1627727107723885
4 0.6268962388817102 0.6103945401113743 0.04623971662612103 0.15963862041330898
0 0.735966711852543 0.662101964975801 0.01418067466803503 0.02039431323171641
6 0.9028633203619953 0.7111292965542819 0.07148515632127043 0.20197156615858275
6 0.018026795572323267 0.6155113705115047 0.036053591144646534 0.19710225897699055