2 0.06803991023009556 0.39144316000954504 0.014153403590796176 0.015788632001908987
7 0.06559616628021978 0.4086033880092269 0.014171584308955421 0.018913632001908987
6 0.4318109978587007 0.5800635013924064 0.024010192622015935 0.0987102200031817
4 0.23871043765204622 0.600474356699544 0.03525676483072289 0.15196248933799977
5 0.19513717877325165 0.7038806200270442 0.05122719847574837 0.2115193026734543
4 0.19585479625969432 0.7148272106938169 0.057540830989305736 0.22252952800763595
5 0.3862666937021705 0.6193799927195884 0.030532903394404443 0.1456579453373635
3 0.7372246848233759 0.7273770427673135 0.047965843089554205 0.18804544000636342
5 0.460280910622879 0.6553998560629971 0.054179481653235585 0.18186816534054523
5 0.6259740883159761 0.6456083274188142 0.047856758780598696 0.1692954400063634
4 0.6227081877502421 0.6697907147517232 0.05112720452587247 0.19433180267345412
5 0.7665809075978169 0.6503696474379043 0.03992608411256367 0.14889203333863604
1 0.23477289227611467 0.4715135626989076 0.028352258976990362 0.039389764003817974