2 0.06122259472467915 0.42734375 0.015806813335454438 0.015625
7 0.06298508939367904 0.44453125 0.014280676002545345 0.01875
1 0.2391481473981334 0.47734375 0.030160214672181596 0.040625
5 0.22189920210054082 0.740625 0.07549199069063528 0.1765625
4 0.25863613343408626 0.7421875 0.0758010733609078 0.203125
4 0.2857151594127691 0.58515625 0.03592041335136287 0.1328125
5 0.34988674741404174 0.59453125 0.042206776018453684 0.1359375
5 0.5422378794159508 0.60859375 0.05365335335772627 0.1796875
6 0.45333846407540557 0.55546875 0.033976105346908446 0.1
5 0.5990873160804963 0.59296875 0.055143128023544465 0.1734375
4 0.71075152207986 0.58828125 0.06633516669318062 0.1953125
3 0.8511952560868596 0.63984375 0.08672039202736244 0.2015625
5 0.7839344834102236 0.56640625 0.05169086401972649 0.1453125