2 0.90859375 0.3839588045433239 0.0140625 0.014226132001908986
7 0.909375 0.4011372138765511 0.0125 0.018895450668363623
1 0.7421875 0.4499576165659137 0.0265625 0.03937158267027261
5 0.78125 0.7034093332272776 0.0578125 0.16942270934118148
4 0.74609375 0.7045996632320501 0.0546875 0.18657384667409058
4 0.69765625 0.5504757845719589 0.028125 0.12063976400381797
5 0.659375 0.5665462272438223 0.0328125 0.13319430800445425
5 0.45703125 0.5978069599379573 0.0359375 0.17698067067154533
6 0.5375 0.541401871260367 0.0234375 0.0971477200031817
5 0.41015625 0.6014773999443207 0.040625 0.16922271467218158
4 0.2859375 0.5919853159611836 0.0484375 0.18337612133990894
3 0.1421875 0.6624079986473645 0.0609375 0.1991465720082724
5 0.22421875 0.5880159786362287 0.0375 0.1441863520050905