2 0.09939899453905099 0.37128412665982485 0.014144313231716544 0.014144313231716587
7 0.09774104576871499 0.38769946701890445 0.012599993949875788 0.01726022287263689
1 0.2591370880213886 0.44222736485416403 0.02678975897699045 0.039217036104353474
5 0.22099569682542838 0.6869722382925351 0.05719539734428025 0.16282725292686617
4 0.2490797902095701 0.693839861829102 0.06829652380771342 0.19101588544042353
4 0.32185019057891245 0.5395154553114395 0.030378367290050966 0.1189227168225127
5 0.30843713037225806 0.5622489733636163 0.03191359621281205 0.11424430718159222
5 0.4323968051384889 0.6060575398167867 0.05870335518980259 0.15346134328594588
6 0.4516604104264873 0.5176672055078313 0.020576120413308984 0.045430674668035034
5 0.4520462298065239 0.5856314103282914 0.039944264830722886 0.15178975897699054
4 0.48170191354974523 0.5909274435057787 0.04310562626704133 0.15805793969514959
3 0.7835638745185255 0.6719809590238727 0.0431874394987581 0.1721204396951496
5 0.6207144165748074 0.5987121515476928 0.04446813836728971 0.12369203005422928
4 0.7543672539088249 0.5877786758463854 0.03840903590796181 0.15646816861791085
4 0.6238757780111259 0.5924439708295335 0.05246244554888228 0.15498748184962743
0 0.7315837388817104 0.6097854860530398 0.012609084308955331 0.018822722872636886
6 0.9007468293389855 0.6720804320929014 0.06206470452587283 0.1941045240041051
6 0.020702083238305753 0.6311136446138057 0.041404166476611506 0.1877454396951496