2 0.91015625 0.36970486583612266 0.0140625 0.014144313231716587
7 0.9109375 0.3868878206565829 0.0125 0.018822722872636886
1 0.74765625 0.4448690131804029 0.0265625 0.039217036104353474
5 0.80390625 0.6961042602535367 0.0578125 0.16908634328594588
4 0.76875 0.698652543332828 0.0546875 0.18625566256778647
4 0.7109375 0.5489888866187739 0.028125 0.12047612646343317
5 0.6734375 0.5671758052366848 0.0328125 0.13300339754067209
5 0.4734375 0.6105268711988758 0.0359375 0.17677157825883114
6 0.55 0.5499251936039745 0.0234375 0.09701135538619425
5 0.42734375 0.6178262867917246 0.040625 0.16898634933607007
4 0.3015625 0.6169955606976337 0.0484375 0.18309430113146802
3 0.16484375 0.6959159671171002 0.0609375 0.19879202400410492
5 0.23984375 0.6157921298812787 0.0375 0.14396816861791084