2 0.08458109572183277 0.43875849385167986 0.0157159035907962 0.015715903590796287
7 0.08546233967170858 0.45595053903121974 0.014171584308955421 0.018831813231716586
1 0.2575191468533009 0.4882004785299777 0.029923849336070063 0.040797716822512695
5 0.23791621574235827 0.744327758682403 0.07131243949875792 0.17228406615858277
4 0.2746440561014379 0.7461038821207738 0.07302947560311139 0.1988556565176623
4 0.3018782009116353 0.593142508584207 0.035129499803608334 0.12988748789975163
5 0.36443274306611306 0.6028811229473916 0.03982609016268786 0.13147725897699053
5 0.5520100111182897 0.6172532160369458 0.05101812021691714 0.1752908914905479
6 0.46499127926866235 0.5651862011080271 0.03182269262201594 0.0986193071815924
5 0.6081781978865732 0.603517968963812 0.05254425878059869 0.16904998184962744
4 0.7151776316297946 0.5986719085607659 0.06360902380771342 0.1909886143631848
3 0.8521872731203424 0.6494673149802324 0.08239538524403187 0.19734769867214014
5 0.7869299117822197 0.5779963150784283 0.0492556323171657 0.14090680113146803