2 0.9328125 0.32117699387336945 0.015625 0.015806813335454438
7 0.9359375 0.33910938120627854 0.0140625 0.018913632001908987
1 0.7671875 0.40513546522918664 0.028125 0.040952264003817976
5 0.659375 0.6313899772438223 0.0671875 0.16484429734245404
4 0.70234375 0.5097962405713226 0.0390625 0.12232953333863605
5 0.71875 0.5346053365690955 0.0359375 0.12073067067154533
5 0.62109375 0.5654291699156857 0.0453125 0.15833975867281785
6 0.56953125 0.5199354039226854 0.0265625 0.10187158267027244
4 0.60703125 0.5749678019175948 0.046875 0.1677329400063634
4 0.56171875 0.6372138105904126 0.0703125 0.19144316000954492
3 0.2546875 0.6735989426320925 0.0546875 0.18032384667409057
5 0.44921875 0.5932103666056847 0.046875 0.1349204400063634
4 0.378125 0.5932563672820024 0.05 0.16151930267345413
4 0.4875 0.5482336739338212 0.0359375 0.15354317067154533
0 0.371875 0.6152040926161841 0.0140625 0.022038632001909163
6 0.25234375 0.6017512146324107 0.046875 0.07710794000636341
5 0.6296875 0.5551729225811858 0.0296875 0.1300329453373635