2 0.91015625 0.43654513416387736 0.0140625 0.015706813231716587
7 0.909375 0.4537280889843375 0.0140625 0.018831813231716586
1 0.7375 0.4871031494855796 0.0296875 0.040797716822512695
5 0.746875 0.7441889416400572 0.0703125 0.17072156615858275
4 0.71953125 0.7424673603561639 0.0671875 0.19882838544042353
4 0.65859375 0.5764878363520589 0.0375 0.12053066861791066
5 0.6703125 0.6007747640451561 0.0375 0.11740566861791084
5 0.528125 0.6272912913689108 0.05 0.1596658914905479
6 0.5296875 0.5358941317279904 0.0234375 0.048573855386194256
5 0.5109375 0.605316297419035 0.0546875 0.16125566256778665
4 0.475 0.6027634691602038 0.0421875 0.1643079396951496
3 0.1625 0.6446953973442803 0.053125 0.17530907220870695
5 0.3375 0.5949322675611974 0.040625 0.12523634933607006
4 0.1953125 0.5581675448849521 0.0484375 0.15028180113146802
4 0.31328125 0.5869788669954634 0.05625 0.17063975292686634
0 0.209375 0.5309056081166688 0.0140625 0.018831813231716586
6 0.03125 0.6197130571815924 0.0625 0.1956761143631848
6 0.953125 0.7188263690385668 0.0578125 0.20189884328594587