2 0.9180293999765589 0.40262698854236934 0.014153403590795931 0.015788632001908987
7 0.9189151891059744 0.4205866478755967 0.014171584308955687 0.018913632001909163
1 0.7464680173648057 0.4585331852323683 0.029923849336070063 0.04097044533736351
5 0.7276054296380048 0.7079882925684591 0.09322380093507654 0.17919769867918128
4 0.6548082790722706 0.6846149745783222 0.08224084913967822 0.17125792934436318
4 0.6735577581914235 0.5500127079090043 0.03820904800821019 0.12231135200509069
5 0.6838549087571575 0.5741132792409588 0.038181776930971266 0.11762385200509069
5 0.5753566075274936 0.5917831319223673 0.03687380698520073 0.16135567067154533
6 0.5406543546006274 0.535933121260367 0.023992011903856535 0.0955852200031817
5 0.5550077460911751 0.585769489258458 0.044631764830722884 0.1520715773392725
4 0.5308208123479539 0.5915200499284123 0.04314198770335977 0.16455339600572697
3 0.20449466168402383 0.6359449486394103 0.05101812021691723 0.17558180267345413
5 0.37762308947531686 0.5808018206158659 0.046085180521767556 0.13333975867281786
4 0.273594119627742 0.560917129296638 0.07115790339440445 0.1461306600095451
4 0.41192536660267987 0.5679018312778662 0.046185174471643366 0.15052725867281785
0 0.28445435157556526 0.5475086099618199 0.01418067466803503 0.020476132001908988
6 0.13570375506816557 0.62971367731541 0.08396697560311144 0.19940111067790856
6 0.9602633935336513 0.6787167738701878 0.055860156321270435 0.20219884667409058