2 0.09375 0.41640625 0.015625 0.015625
7 0.09453125 0.43359375 0.0140625 0.01875
1 0.26796875 0.46328125 0.0296875 0.040625
5 0.25078125 0.725 0.0734375 0.175
4 0.2875 0.72421875 0.06875 0.1953125
4 0.3328125 0.5578125 0.0359375 0.125
5 0.33984375 0.57578125 0.040625 0.121875
5 0.56015625 0.59765625 0.05625 0.178125
6 0.48203125 0.5359375 0.0328125 0.1
5 0.571875 0.57421875 0.046875 0.1671875
4 0.6796875 0.55703125 0.0578125 0.16875
3 0.8953125 0.6140625 0.0765625 0.2015625
5 0.775 0.55390625 0.05 0.140625
6 0.034375 0.71953125 0.0484375 0.21875