2 0.07987566728995654 0.31953125 0.015806813335454438 0.015625
7 0.07499726328772938 0.3359375 0.015861357336090797 0.0203125
1 0.23818705927754805 0.4109375 0.03174089600572696 0.0421875
5 0.23843940857736773 0.6578125 0.072439716024817 0.1828125
4 0.3032558865770496 0.66015625 0.09762152936027153 0.1984375
4 0.28773197859645777 0.5171875 0.048311325350090153 0.1234375
5 0.2741780085932761 0.540625 0.04514996268299924 0.1203125
5 0.36907233792173083 0.5765625 0.04707608935390813 0.1515625
6 0.4234603932606852 0.53515625 0.02925224267981754 0.096875
5 0.39323654392109453 0.58125 0.061284040022271655 0.1640625
4 0.4063996152530491 0.59140625 0.07541926535645338 0.1703125
3 0.729282037237459 0.70625 0.0614658533577261 0.1796875
5 0.5639303045830948 0.615625 0.0624283693507266 0.128125
4 0.6599967825827766 0.61796875 0.050092001352635404 0.1421875
4 0.5228785905872309 0.58515625 0.05343517735518084 0.1609375
0 0.648559843252731 0.59375 0.014317038669636161 0.021875
6 0.7714059025700499 0.71171875 0.07581925469445334 0.2046875
6 0.002668824634001503 0.5828125 0.005337649268003006 0.203125