2 0.9121336366168205 0.3618560043998042 0.014226132001908809 0.014144313231716587
7 0.9142773919478205 0.3790298688611847 0.012718176002545434 0.018822722872636886
1 0.746389910606321 0.44015878728270386 0.027017033338636053 0.039217036104353654
5 0.8043638532384134 0.6944917632785987 0.059812446689998924 0.17221134328594587
4 0.7675541965706862 0.7025178867169698 0.0585772106938169 0.20032725292686634
4 0.7169558545910489 0.552822413746137 0.024964732017817327 0.13138635538619425
5 0.6550098379217308 0.5727127329297819 0.02967041335136287 0.13297612646343318
5 0.4670189419160039 0.6159910760193361 0.038010172024180736 0.17833407825883113
6 0.5466797172581398 0.5506882628858153 0.024582924013363084 0.09857385538619426
5 0.4092609859166402 0.6116399193052819 0.04104426535645338 0.17053975897699053
4 0.29895928524827664 0.624780789620395 0.05067380402608972 0.1924693011314682
3 0.16921669390518618 0.6974057442444634 0.06947834802672603 0.19726588544042353
5 0.22407746391632202 0.6150608768562166 0.03915450135263541 0.14240566861791085