2 0.10425921136156373 0.34095116931890973 0.014153403590796199 0.015788632001908987
7 0.10103876259122772 0.35739378198600064 0.014171584308955421 0.018913632001908987
1 0.26079958197126435 0.4234989452975926 0.02836134933607006 0.040952264003817976
5 0.27113659739116247 0.6608625852960017 0.06352721057599683 0.17728975334181776
4 0.33519000703208285 0.6616796506206384 0.08859993344863373 0.190080654678545
4 0.31411950381062903 0.5236529392902748 0.04287836729005097 0.11924089600572714
5 0.30148769360397454 0.5464546399586382 0.03973518657189175 0.11607953333863605
5 0.3942700912428424 0.5774041006126843 0.03991699375348414 0.14732953333863605
6 0.4453013261175319 0.5338444572724573 0.025545421544777014 0.09404090133672707
5 0.41925191052468314 0.5802381992759572 0.05248062626704133 0.15841248400699967
4 0.43169282319066565 0.5902489986075936 0.06657948770335995 0.16482611600890867
3 0.74986558538911 0.6857587565643228 0.05257152985783762 0.17403748400699967
5 0.5854945340612501 0.6064268872533674 0.05540563836728971 0.12407384667409058
4 0.6784678292407899 0.6045638479074134 0.04297836123992678 0.13642839600572695
4 0.5442519105246831 0.5787836925923215 0.04621244554888211 0.15521475867281787
0 0.6661087298065239 0.5804905485757769 0.01418067466803503 0.020476132001908988
6 0.789682064311871 0.689982632558914 0.06520788524403187 0.1976204346753633
6 0.019634747367721354 0.6013170519971365 0.03926949473544271 0.20049089600572714