2 0.09583647461809315 0.35839428298109555 0.01424431333545444 0.015706813231716587
7 0.09330182061586598 0.37478689744247606 0.014280676002545322 0.018831813231716586
1 0.25742740794082086 0.4374646803253757 0.028597714672181595 0.040788626463433175
5 0.3485598432527309 0.595818056690613 0.04569540268936265 0.16744203005422928
4 0.3873410799252307 0.5530720204880637 0.04494996801399935 0.10337953005422928
5 0.31532062925686716 0.5651538639704012 0.05136360001590834 0.11747839149054791
6 0.44443596459263973 0.5479350685944697 0.030851105346908624 0.10017271682251269
4 0.40773484858373105 0.6133509903356386 0.05365335335772627 0.17998748184962743
5 0.4654382605824584 0.6230623336215844 0.06422722668681721 0.1488011143631848
3 0.7552541912396862 0.6942843904103932 0.05045562802354446 0.17371930113146802
5 0.5543734912476402 0.6345179840891225 0.04375109468490841 0.13462043969514959
4 0.5574712192473221 0.6368799148072818 0.05819540268936265 0.16751475292686618
4 0.47078937925686715 0.5660583546988232 0.040698820019090046 0.14085225897699055
6 0.7021110099061406 0.6955378182016863 0.05848630402608954 0.19251475292686618
6 0.008655195297592554 0.6235056776930972 0.017310390595185108 0.19388635538619425
5 0.42388710725654893 0.5681293939264347 0.05447041868236298 0.11593407220870695
4 0.6395388319144131 0.6342321586589618 0.06602608402290802 0.16912270472226432
0 0.6199894005808676 0.6356810291704665 0.011173857336090798 0.020376132513557365