2 0.9419754392041704 0.36093839901360997 0.014153403590796287 0.015706813231716587
7 0.9459816831540462 0.3781031731159109 0.01574317466803521 0.020403403590796197
6 0.5908588876799188 0.5739257749860638 0.030269282981095456 0.10017271682251269
4 0.7846543394753168 0.5806110704601911 0.046203355189802585 0.15338862041330897
5 0.8360264628154919 0.6818781337901035 0.06530787919390732 0.21443520472226432
4 0.8360855501495095 0.6920343837901035 0.07318401170746505 0.22541815651766245
5 0.63872421593875 0.6095860190341353 0.03992608411256367 0.14866475897699055
3 0.2941616705628184 0.7405012383907309 0.06048402380771334 0.1909704336450254
5 0.5670810200952803 0.6498479255517978 0.06670675273047451 0.18631929508134384
5 0.39989352009528023 0.6508205939733169 0.06037493949875792 0.1722204336450254
4 0.4047264658405541 0.6757933228960781 0.06520788524403187 0.19724770472226433
5 0.26012703814745697 0.6649154311109428 0.04931926483072289 0.15184430113146802
1 0.7807793848512483 0.45172300117835035 0.031486349336070064 0.040806807181592394