2 0.9356730783307841 0.41248271829545063 0.014335235389503254 0.01570681323171641
7 0.9361543194023303 0.42966567311591086 0.014389782467404189 0.018831813231716586
6 0.5524087905883742 0.5748524707313376 0.025183006492821746 0.10013635538619425
4 0.7439962727314666 0.6081093565645446 0.03704780681713338 0.15332498789975163
5 0.778038261774418 0.7164940283057135 0.055271701297246165 0.21279998184962742
4 0.7762848470017658 0.727440618664793 0.06017738960884902 0.22532725292686634
5 0.5938462682672399 0.6175757810361879 0.03227848620028233 0.1486102168225127
3 0.23073656778077253 0.6993676991631194 0.05173759821299111 0.18934430113146802
5 0.5159979577966586 0.646932003810629 0.05787850405718977 0.18313066256778665
5 0.3499871741114385 0.6252438770526083 0.0514103157455871 0.17059430113146803
4 0.35111329748823306 0.6502347866935286 0.054971692368792444 0.19561248184962743
5 0.20790876826723986 0.6198210997288536 0.04168075973923262 0.15022725897699055
1 0.7602952029253947 0.479902543332828 0.02880683847375849 0.039226126463433174