2 0.9011864986075935 0.43515625 0.014226132001908809 0.0140625
7 0.8994240039385938 0.45234375 0.014280676002545433 0.01875
1 0.731118899268003 0.48125 0.030160214672181596 0.040625
5 0.745361023233641 0.734375 0.07383858402290819 0.16875
4 0.7094326139004137 0.73359375 0.06782494135899882 0.1890625
4 0.6667740412555945 0.57265625 0.035793144016544785 0.121875
5 0.6603240465865946 0.58984375 0.04042610001590834 0.1171875
5 0.44679734858373105 0.6109375 0.055143128023544465 0.1734375
6 0.522488239258458 0.5515625 0.03237724267981754 0.096875
5 0.4361143872533673 0.5890625 0.0472033586887262 0.1625
4 0.33163597258913996 0.57109375 0.05815904002227175 0.1640625
3 0.12239678524827664 0.6265625 0.07727266669318059 0.1953125
5 0.23948483525623082 0.56796875 0.050019276018453684 0.1359375
6 0.9563621579010502 0.72890625 0.04932948002863498 0.2109375