2 0.9233950307416002 0.41554228775467356 0.01414431323171641 0.01414431323171641
7 0.9240762867917246 0.4327343329342133 0.014171584308955331 0.018831813231716586
1 0.7527234615579556 0.47627018861499515 0.028352258976990542 0.039226126463433174
5 0.7855940071302787 0.7350639265147467 0.06193743949875792 0.1722295240041049
4 0.7504377571302787 0.7348593934354554 0.06047493344863373 0.1894079336450254
4 0.7044808833973202 0.5767741826630669 0.03040563836728971 0.12361021682251269
5 0.6653320249860638 0.5913906736860763 0.036719270880847074 0.13458407825883115
5 0.4597087388817102 0.6167577914671066 0.04009880093507636 0.17835225897699036
6 0.5428439466290367 0.5617708304983264 0.02558178298109546 0.10014544574527395
5 0.412034308163551 0.6196055355151783 0.04632152985783762 0.17370112041330898
4 0.2855536213952675 0.6048067164297293 0.054206752730474504 0.18624657220870694
3 0.13906898595484402 0.671144267855785 0.06836015632127071 0.2019533854404237
5 0.22308998283158604 0.5981931020665445 0.04147949375348405 0.14711134933607006