2 0.09221178854024041 0.406508554352922 0.014144313231716544 0.014144313231716587
7 0.09075382766965603 0.42448639471200156 0.01416249394987581 0.01726931323171659
1 0.26052597218526585 0.46490634075186305 0.02678975897699045 0.039217036104353654
5 0.27368554409938534 0.7124944130587659 0.08694652985783762 0.17393746974937904
4 0.3462145290722706 0.6901967113615637 0.07596357806243947 0.16606133723582167
4 0.33059809855050315 0.5574705697728201 0.03351245764913049 0.1205033975406721
5 0.31979240875715764 0.5801904522863774 0.03348518657189174 0.11581589754067192
5 0.4269372882456528 0.5990990126894236 0.03217721662612103 0.1595568071815922
6 0.46178446603694584 0.5457694796101322 0.020857921544777013 0.09386817466803503
5 0.447222517168414 0.5942933380213885 0.038372674471643366 0.15021816861791065
4 0.47069183342519255 0.5996257326351943 0.03687380698520073 0.16114657825883114
3 0.7928713604543598 0.6500968686647931 0.04474993949875792 0.1721295300542293
5 0.6229992219888741 0.5924894226249315 0.04137949980360815 0.12992384933607007
4 0.7268009328594586 0.573916163746137 0.06645222267624522 0.14256929508134383
4 0.5893236587571576 0.5786223653451433 0.03992608411256367 0.14866475897699055
0 0.7157861648072819 0.5606985462596944 0.012609084308955331 0.018822722872636886
6 0.8615895441975813 0.6442281428652898 0.07613629488495235 0.19574883723582168
6 0.0437935110200939 0.6786744458434697 0.04959197560311146 0.19871930113146802