2 0.886597834619684 0.35645711012090353 0.014244313335454705 0.015788632001908987
7 0.8895319306174567 0.3728997227879944 0.014280676002545078 0.018913632001908987
1 0.7293569519414572 0.43979522676635907 0.028597714672181595 0.040952264003817976
5 0.8007212325748224 0.6859713401097677 0.07073176535645338 0.17111247867599957
4 0.7654922572406406 0.6918122601049952 0.06936926002545345 0.18828179734245404
4 0.6984422119271396 0.5449185314289956 0.035793144016544785 0.12227498933799978
5 0.6622592639242763 0.5655941107574505 0.04373291335136287 0.13330339600572713
5 0.4670825765834129 0.6187992847310425 0.05049199069063519 0.17712612133990877
6 0.5397211925923215 0.554010626074133 0.030832924013363083 0.09878294533736351
5 0.42087064791536755 0.6284191853914519 0.055106765356453556 0.1709306653405452
4 0.295788831914413 0.6339959287078163 0.06308289735836245 0.1850840720082722
3 0.16509226790264084 0.7192056280235443 0.07730902936027154 0.19931020401018137
5 0.23402462858054945 0.6371840160327713 0.04856586401972631 0.1458579400063634