2 0.9222140913828614 0.35416221654205116 0.014244313335454705 0.015788632001908987
7 0.9255299953850885 0.37053210387496033 0.014280676002545433 0.018913632001908987
1 0.7615044053946336 0.4427627345640047 0.030160214672181596 0.04097044533736351
5 0.8362156934277231 0.6856763932209142 0.07242153469127147 0.18206816000954512
4 0.8041753527609503 0.6852678605585959 0.06508174936345305 0.22260225334181777
4 0.7511583460773146 0.5608678445655956 0.04538632001908986 0.14113407733927233
5 0.6514856100811326 0.590156449912504 0.04380563868554468 0.13955339600572714
5 0.518437300087496 0.6385859539306395 0.04745789735836255 0.18490225867281787
6 0.5698992554105419 0.5621956292568672 0.029270424013363085 0.09876476400381798
5 0.4058827560868597 0.6352075099459116 0.05668744668999892 0.17251134667409057
4 0.34837933875713223 0.6624427192870931 0.06164766669318063 0.19600339067472702
3 0.2241884080999045 0.7334284759707286 0.08508516669318063 0.19627611067790873
5 0.24637139608526878 0.6253432559675469 0.03713746801399935 0.10354317067154532