2 0.89296875 0.35339860978599846 0.0140625 0.015706813231716587
7 0.89609375 0.37056792906783925 0.0140625 0.018831813231716586
1 0.73359375 0.4379195764121195 0.0296875 0.040797716822512695
5 0.7921875 0.6875786879466338 0.06875 0.16914997579950325
4 0.76484375 0.6916440192305271 0.0640625 0.19881020472226432
4 0.67421875 0.5413900100571449 0.0359375 0.12052157825883114
5 0.68984375 0.5631741064663488 0.034375 0.11738748789975162
5 0.55546875 0.617080877347196 0.046875 0.1596477107723885
6 0.53984375 0.528109280937992 0.0234375 0.047011355386194255
5 0.53515625 0.6000115520152309 0.053125 0.16124657220870695
4 0.49921875 0.6049081302740621 0.0390625 0.16428975897699055
3 0.20078125 0.7082068888582691 0.05 0.17529089149054772
5 0.3625 0.6244535366935287 0.0375 0.12521816861791085
4 0.215625 0.6167142804470128 0.046875 0.15027271077238852
4 0.3375 0.6214739824388026 0.053125 0.17062157220870694
0 0.225 0.587753488292535 0.0140625 0.018831813231716586
6 0.06328125 0.7113505904572754 0.0671875 0.1957033854404237
6 0.98046875 0.6216395496775398 0.0390625 0.20178975897699053