2 0.07278649756411308 0.38046875 0.014153403590796176 0.015625
7 0.0703427536142373 0.39765625 0.014171584308955421 0.01875
1 0.23713482299427394 0.465625 0.02836134933607006 0.040625
5 0.1669440010801545 0.71328125 0.06824198165323563 0.18125
4 0.19976559143923414 0.71171875 0.059121511707464956 0.225
4 0.25051100088376277 0.58359375 0.04145222267624522 0.1421875
5 0.35270021477940927 0.61015625 0.04144313231716561 0.140625
5 0.4875837540070208 0.65703125 0.04327834308955403 0.1875
6 0.434122931601922 0.58046875 0.027135192622015934 0.0984375
5 0.600905910622879 0.65 0.05413402985783762 0.1734375
4 0.660140010057145 0.67421875 0.05739538524403187 0.196875
3 0.787079239078102 0.74375 0.08239538524403187 0.196875
5 0.7627155642136753 0.634375 0.03497496369925486 0.103125