2 0.09609375 0.3786840570833965 0.0140625 0.014144313231716587
7 0.09375 0.3958579215447771 0.0125 0.018822722872636886
1 0.2609375 0.4530805899662962 0.0265625 0.039217036104353474
5 0.2046875 0.7058783370394299 0.0546875 0.17063066256778664
4 0.240625 0.7131186652982612 0.053125 0.19718407220870696
4 0.29140625 0.5641953519683487 0.0203125 0.12980567466803503
5 0.3515625 0.582514080792914 0.025 0.13139544574527395
5 0.5375 0.6226583335233885 0.0328125 0.1751908975406719
6 0.45859375 0.5589180203898678 0.021875 0.09700226502711473
5 0.5953125 0.6167446768093343 0.034375 0.16894998789975163
4 0.70390625 0.6283139567653678 0.04375 0.18931703005422928
3 0.83359375 0.697037206568976 0.0625 0.1941136143631848
5 0.77890625 0.6170315440011894 0.034375 0.14082498789975162