2 0.9093188952029809 0.40189119187623296 0.014153403590796287 0.015788632001908987
7 0.9092098108940256 0.42064119187623294 0.014171584308955687 0.018913632001908987
1 0.7386791422761148 0.4601229572326865 0.028352258976990542 0.039389764003817974
5 0.7208229800029157 0.7095326112349136 0.09008971057599666 0.17759883601209037
4 0.6490843353891099 0.6869314525780041 0.07909766842151918 0.1680965666772723
4 0.6662678110904172 0.553146798575777 0.03664654800821019 0.12229317067154533
5 0.677068955704223 0.5764570292409588 0.03505677693097127 0.11758748933799978
5 0.5699331665748073 0.5956712005888217 0.03530221662612103 0.15977498933799977
6 0.5350905339630542 0.5421740305935943 0.022429511903856537 0.09556703866963616
5 0.5480854376520462 0.591238239258458 0.04150676483072289 0.1520352146721816
4 0.5254019165748074 0.5961893685948669 0.04000789734428025 0.16295453333863605
3 0.20091045580241884 0.6468369953055466 0.04788402985783753 0.1739829400063634
5 0.37232691354974523 0.5893773892823205 0.044513590162687855 0.13175907733927233
4 0.2685342930382405 0.5710551979630927 0.06958631303532484 0.14454997867599956
4 0.407560431601922 0.5756870592775479 0.04306017447164336 0.15049089600572713
0 0.2795490610904172 0.5576466786282746 0.012618174668035031 0.020457950668363624
6 0.13141556723873732 0.641396064648319 0.07927038524403182 0.1977840666772721
6 0.9530360371845081 0.6755826832034151 0.05272606596219091 0.2005999840069997