2 0.09202543617910826 0.37395457332113696 0.014144313231716565 0.014226132001908986
7 0.09134418012898404 0.3911511639879096 0.014171584308955421 0.018913632001908987
1 0.2642685957218328 0.43523587663113794 0.026798849336070064 0.04093408267027243
5 0.396750339377121 0.6454273946133207 0.06188289734428025 0.16320907200827223
4 0.33983219798476905 0.5312381726209566 0.03508404800821019 0.12227498933799978
5 0.32670093890958274 0.557173963956093 0.03194086729005097 0.11911362667090888
5 0.426814568398078 0.5755416086091845 0.039962445548882286 0.15514203333863605
6 0.4726083365484506 0.5234427592695938 0.024019282981095458 0.1002727200031817
4 0.4416992250139363 0.5824001359405028 0.04315107806243947 0.16611589600572696
4 0.4928122731203423 0.6388404926002759 0.06515334308955403 0.1882454346753633
3 0.8006338634794219 0.6368212698918232 0.04946471057599666 0.17712612133990877
5 0.5995117250139362 0.5805638212524128 0.04296018052176755 0.13330339600572697
4 0.669783318398078 0.5727144112428678 0.04623971662612103 0.15990225867281788
4 0.5563157160369459 0.5420013079249125 0.032131764830722886 0.15192612667090888
0 0.677713993066113 0.5929360045751405 0.012618174668035031 0.020457950668363624
6 0.7955282069617595 0.5650008138924595 0.04418633723582168 0.0755090773392725
6 0.03427306527482001 0.6535517139958639 0.040253337039429925 0.20514203333863607
5 0.41738502624360024 0.5662756966104572 0.025745409444528633 0.12841590133672706