2 0.9125 0.37938475325300147 0.0140625 0.014307961850553053
7 0.9140625 0.39732622971405107 0.0140625 0.018995461850553053
1 0.74140625 0.44174620576806367 0.028125 0.03955342370110611
5 0.6921875 0.6793240722449994 0.0546875 0.17751707386326193
4 0.62890625 0.6718349005724882 0.0796875 0.19201595048646744
4 0.671875 0.5359286282513539 0.0359375 0.11937729139585791
5 0.68046875 0.560778623787127 0.0328125 0.11776024431795715
5 0.58203125 0.5796843567409983 0.03125 0.14898297077900685
6 0.5375 0.5296804026010831 0.0203125 0.0956670560063543
5 0.55703125 0.5793394833642038 0.04375 0.16013865909060954
4 0.54375 0.5873838084452817 0.0578125 0.16507162094116268
3 0.2078125 0.6424663693196048 0.04375 0.17576365909060954
5 0.38671875 0.5838747991097908 0.05 0.12431025324641087
4 0.29296875 0.5698862114468113 0.0359375 0.13812729139585792
4 0.43125 0.5612225032497061 0.0390625 0.1569318384737585
0 0.30859375 0.5477384760573079 0.0125 0.020530688311602673
6 0.16640625 0.6416266181017888 0.0546875 0.1993920738632619
6 0.9640625 0.6527034764676403 0.0484375 0.20240797970746058