2 0.05648791197861144 0.4428090629062133 0.014153403590796176 0.01587046185055314
7 0.05580665592848723 0.46001019967568835 0.014171584308955421 0.01899546185055314
6 0.4425850141433519 0.5978048855549545 0.024019282981095458 0.10040910308425524
4 0.24748613758172286 0.637932827923747 0.03527494554888211 0.15528751785690745
5 0.21218041753775632 0.7471538693196049 0.0528169695529872 0.21652502678536117
4 0.21380200487177384 0.7572828457806544 0.05913969242562418 0.22913412094116267
5 0.39987079419758115 0.6423049078760888 0.030560174471643366 0.15051819724005638
3 0.7651872428697213 0.7171865365311844 0.049546523807713426 0.1914704797074606
5 0.47816851102009394 0.6706287309285719 0.055769252730474506 0.18689207386326193
5 0.6460009056338997 0.6442593254914103 0.0494374394987581 0.17272047970746057
4 0.6445838513791735 0.6692865990303606 0.05271697560311139 0.19933752678536115
5 0.7889287490180413 0.6347325466774542 0.039944264830722886 0.15224433847375848
1 0.232660047419035 0.5069282897743 0.029923849336070063 0.0411431972400564