2 0.9043436289975159 0.35950046874382136 0.015715903590795933 0.015897735389503433
7 0.9083453277678519 0.3759749025911972 0.015734084308955332 0.019022735389503432
1 0.7462725746445938 0.44657595454036175 0.029932939695149586 0.04270569724005639
5 0.8157139628154919 0.7008873534847015 0.07599993949875809 0.1731841298696164
4 0.7884020290722706 0.7058788165530706 0.07304765632127079 0.20281708279171565
4 0.6898640142415478 0.5526117203686745 0.039771548008210186 0.12255683847375849
5 0.7071787792686623 0.5747867292971282 0.03975336729005097 0.11943183847375849
5 0.5723634177341481 0.6310213181779238 0.05407039734428025 0.16342730032431163
6 0.55230947208707 0.5408366489410446 0.025281801131468207 0.048873876623205345
5 0.551174218963812 0.6142468754020942 0.060329487703359774 0.16509889448011297
4 0.5144872852205907 0.6190746972367611 0.046276078062439475 0.16641593262956
3 0.21593213143340284 0.727914314527771 0.05884880093507636 0.1791341209411625
5 0.3771281857863248 0.6408933758091313 0.044495409444528636 0.12888865909060954
4 0.2278912550681656 0.6351637528393738 0.054015855189802585 0.15405230032431164
4 0.35133330024770537 0.6380996124164506 0.06194652985783762 0.17450116801906326
0 0.2347497882456528 0.6055989837646504 0.015734084308955332 0.019022735389503255
6 0.0769150832288009 0.7332994695611907 0.07616356596219107 0.20130912986961622
6 0.9905442285299777 0.6289829001555651 0.01891154294004451 0.20506932954530477