2 0.10603339402463055 0.36683405868077207 0.014144313231716544 0.014226132001908986
7 0.10378509279496653 0.3832130366804539 0.014171584308955421 0.018913632001908987
1 0.2666396167990716 0.4460413953691802 0.02678975897699045 0.03937158267027243
5 0.20871452907227067 0.6945692546944533 0.061919258780598695 0.1694590720082724
4 0.2423264597904299 0.6980851533656803 0.05889425273047451 0.1866102093411815
4 0.3031816256778662 0.5503658160407253 0.03039654800821019 0.12222044533736351
5 0.3407907099868216 0.569552168045816 0.036701090162687855 0.13166817067154532
5 0.5379293304001305 0.6171555160725422 0.04008062021691714 0.17545453333863606
6 0.4633515112164856 0.5545731527291335 0.025572692622015936 0.09872840133672707
5 0.5840685321955286 0.6255043654121327 0.04473175878059869 0.1692590773392725
4 0.7090685321955286 0.6269588720957684 0.052626072012315284 0.18341248400699967
3 0.844692935688129 0.7090003074474494 0.06520788524403187 0.1976204346753633
5 0.7715730773750684 0.6284673754375861 0.03989881303532492 0.14420453333863606