2 0.07834473126045219 0.44150679467695414 0.015715903590796176 0.01580681333545435
7 0.07844018003078819 0.45791304467695415 0.015743174668035032 0.020494313335454352
1 0.2535947161351417 0.4865118540340439 0.031495439695149674 0.04255112667090888
5 0.3252616796380047 0.7201425140435889 0.06979539129415606 0.18048747867599957
4 0.3868895260472086 0.705235676718634 0.09644879488495217 0.19642156134627217
4 0.33143843588452065 0.5733493300445434 0.04601245764913049 0.12083975867281786
5 0.3253429719888742 0.5998391047103617 0.044440867290050964 0.11925907733927232
5 0.4253884237842723 0.6088152100572701 0.044613584112563665 0.14894657733927233
6 0.4641418515755652 0.5561447433959061 0.028679511903856713 0.09563976400381798
5 0.45037933342519254 0.6075436113939972 0.05874880698520073 0.16161020934118148
4 0.46447364968197125 0.6131759933959062 0.07284766842151917 0.16802384134309048
3 0.8036543243500063 0.6374338427752677 0.060402210575996665 0.17725339067472703
5 0.6206100201934761 0.5954628767504507 0.06167381908544911 0.12727157200827222
4 0.7118844599868217 0.5738702347628593 0.047684041958085996 0.1396079400063634
4 0.5728492310640604 0.5769395960773147 0.05248062626704133 0.15841248400699967
0 0.6937929901392468 0.5525673994270865 0.01418067466803503 0.020476132001908988
6 0.8442520532727673 0.6332190574474492 0.07304765632127044 0.20239884134309047
6 0.05182872481754454 0.7177420306731361 0.06680674668035029 0.20388861600890867