2 0.096875 0.3620647426798176 0.0140625 0.014226132001908986
7 0.09453125 0.3784437206794994 0.0125 0.018895450668363532
1 0.2625 0.4382107140356347 0.0265625 0.03937158267027261
5 0.22421875 0.6901090213637714 0.0578125 0.16942270934118148
4 0.253125 0.697476626034362 0.06875 0.19767497867599956
4 0.32734375 0.5389652393777707 0.0296875 0.12222044533736351
5 0.31328125 0.5630203573758616 0.03125 0.11911362667090888
5 0.44140625 0.6090424767265882 0.059375 0.15850339067472685
6 0.46015625 0.5186356527291335 0.0203125 0.0471113573360908
5 0.46171875 0.588185084062679 0.0390625 0.15670453333863604
4 0.4921875 0.596352120066815 0.0453125 0.16302725867281787
3 0.8046875 0.684363386775904 0.0421875 0.17705339600572714
5 0.6359375 0.605056052752996 0.0453125 0.12865225867281788
4 0.77421875 0.596508850771768 0.0390625 0.16139203333863605
4 0.63984375 0.5988515060868597 0.053125 0.15999316534054522
0 0.75078125 0.6188923807685862 0.0125 0.018895450668363623
6 0.92578125 0.686553690125676 0.0625 0.20072725334181776
6 0.01796875 0.6283340853357726 0.0359375 0.19416817067154532