2 0.9208967446372469 0.45283741151965096 0.015715903590795933 0.015897735389503252
7 0.9200109555078313 0.47079252475017574 0.014171584308955687 0.01899546185055314
1 0.7456103983262389 0.4990015251572128 0.029923849336070063 0.0411431972400564
5 0.7386690101553408 0.7520310677708867 0.07448289129415606 0.18096935633066594
4 0.7073962842576418 0.7553918469918799 0.08707379488495234 0.1968125446422686
4 0.6661905430382405 0.5859054614402207 0.039771548008210186 0.12255683847375849
5 0.6761968021134268 0.6118639894433979 0.04131586729005097 0.11945911201270895
5 0.5424712419067724 0.6321883518631438 0.07593630698520074 0.1622466298696164
6 0.5391376845287883 0.533682668015768 0.02050339754067192 0.03316705600635448
5 0.5254064617543472 0.6107945929346901 0.04779312626704133 0.1586307061685101
4 0.49804907621572775 0.6126610560030592 0.06499880698520073 0.16205571509696384
3 0.17442067867505578 0.6398279334403387 0.058848800935076453 0.17913412094116268
5 0.35283657016560355 0.5929371168806775 0.05545109016268786 0.13220457386326193
4 0.2241303080653551 0.5563120499172745 0.05249880698520064 0.16183752678536117
4 0.3583280460633026 0.5891263242670037 0.05091812626704133 0.15868525324641086
0 0.24175816959986948 0.6152194456152034 0.01418067466803503 0.02055796185055314
6 0.0690155611886131 0.6270494695611908 0.07772606596219107 0.20133640340856668
6 0.9552297962596942 0.7292459529155086 0.058948794884952346 0.19632162094116268