2 0.0455450259389119 0.4505908933402269 0.015806813335454452 0.01580681333545435
7 0.046117190603139284 0.46856873400699967 0.014280676002545335 0.018913632001908987
1 0.2230609512651395 0.5050073153644077 0.030160214672181596 0.04097044533736351
5 0.20053887189691383 0.7618112986950896 0.078689716024817 0.18370338534372693
4 0.23187977856464106 0.7543624253659985 0.07293061203054405 0.2258181600095451
4 0.25767121391632203 0.6194879860359529 0.050092001352635404 0.14275112133990878
5 0.36384848858214025 0.6269743167170432 0.050092001352635494 0.14275112133990878
5 0.504255312579595 0.6473606367361332 0.05374426002545327 0.18809998400699968
6 0.4378132472549582 0.5825163393936791 0.032413605346908445 0.10036362667090888
5 0.614738826583413 0.6205174207510871 0.06295562802354446 0.17414657200827238
4 0.6778655352482768 0.6345350147596776 0.06791584802672616 0.19763861600890867
3 0.8156467985757768 0.6791128127784495 0.09293402936027136 0.19949201734563574
5 0.7707348352562308 0.5770139634388588 0.0402806493475449 0.10514203333863606