2 0.88984375 0.3294894805458692 0.0140625 0.015788632001908987
7 0.89375 0.3458502772120056 0.0140625 0.018913632001908987
1 0.73359375 0.4172451139004137 0.0296875 0.04097044533736351
5 0.80703125 0.6624843412237778 0.06875 0.17267497867599957
4 0.77265625 0.6691343305617776 0.0671875 0.18984429734245403
4 0.70390625 0.5230593092377772 0.0359375 0.12229317067154533
5 0.66640625 0.5445894112428677 0.0421875 0.13330339600572697
5 0.47109375 0.6038933279360484 0.0484375 0.17712612133990877
6 0.54296875 0.5366507365929579 0.0296875 0.09878294533736351
5 0.425 0.6138046772756389 0.053125 0.1709306653405452
4 0.29921875 0.6222995246260473 0.0609375 0.1850840720082724
3 0.16875 0.711317665977092 0.075 0.20087270401018137
5 0.23671875 0.6261517779678651 0.046875 0.1458579400063634