2 0.0890625 0.41041133601209034 0.0140625 0.014226132001908986
7 0.08828125 0.4283709953453176 0.0140625 0.018913632001908987
1 0.2578125 0.4717499200349984 0.0265625 0.03937158267027261
5 0.26953125 0.7211050300365892 0.0859375 0.17599997334499945
4 0.34296875 0.7000845527132251 0.075 0.16806020401018137
4 0.328125 0.5663180800445434 0.0328125 0.12069430800445442
5 0.3171875 0.5888470607097253 0.0328125 0.11600680800445425
5 0.42421875 0.6096237320575882 0.03125 0.15973862667090888
6 0.46015625 0.5569169027291335 0.0203125 0.0939863573360908
5 0.4453125 0.6059629300604518 0.0375 0.1504363520050907
4 0.46875 0.6109231500636334 0.0359375 0.16291817067154532
3 0.7921875 0.6678116861075405 0.04375 0.1739465773392725
5 0.621875 0.607236170751087 0.040625 0.1317227146721816
4 0.72578125 0.5904764794318591 0.065625 0.14295111600890884
4 0.5875 0.5927736814130873 0.0390625 0.14889203333863604
0 0.715625 0.5770770507638137 0.0125 0.020457950668363624
6 0.8609375 0.66314291478354 0.075 0.19618520401018139
6 0.0390625 0.6832670333386361 0.0484375 0.20056362133990877