2 0.07469727128422954 0.36263690734404497 0.014226132001908986 0.014226132001908986
7 0.07371602661522965 0.37981531667727225 0.014280676002545345 0.018913632001908987
1 0.24259274860759367 0.438037991366953 0.027017033338636053 0.03937158267027261
5 0.1833246472390498 0.6967584633593169 0.056705628023544376 0.1740738466740904
4 0.21918033123809533 0.7042078840308622 0.05703289202736243 0.20219884667409058
4 0.27173426125877614 0.5524550273710892 0.02185791335136287 0.1330488573360908
5 0.33402517592300357 0.571151030712907 0.02812609468490823 0.13468408267027243
5 0.524177461250822 0.6139941534054513 0.0349033533577261 0.18006930800445425
6 0.44368198659295793 0.5482049740610881 0.023038605346908447 0.10025453866963616
5 0.5828439365850038 0.6084259534134053 0.03793744668999892 0.17229317067154531
4 0.6936723485837311 0.619091828095132 0.047566985359635085 0.19427725867281787
3 0.8248763479074134 0.691721900779722 0.06637152936027135 0.1991829346753633
5 0.7703530272517765 0.6098264634388588 0.03761018268618095 0.14416817067154533