2 0.07890625 0.4206346868664793 0.0140625 0.015706813231716587
7 0.0796875 0.4370363916869395 0.0140625 0.018831813231716586
1 0.25078125 0.4680722473677214 0.028125 0.040788626463433175
5 0.36953125 0.6056626300776704 0.0484375 0.16746930113146802
4 0.39921875 0.5570524132551576 0.046875 0.10496021077238851
5 0.33125 0.5816665938751211 0.0515625 0.11748748184962743
6 0.4546875 0.5411047055078313 0.0328125 0.10019089754067192
4 0.43046875 0.6115581060735653 0.0578125 0.17846134328594587
5 0.4890625 0.6104359676080796 0.0671875 0.14882838544042354
3 0.78515625 0.6274633445624921 0.0546875 0.17375566256778666
5 0.578125 0.6052303171405414 0.046875 0.13464771077238852
4 0.58125 0.6075558864223822 0.0609375 0.1659795240041051
4 0.484375 0.5549944886853184 0.04375 0.13931703005422946
6 0.73359375 0.6387008264121194 0.0625 0.19255111436318478
6 0.03125 0.6974744428184076 0.0453125 0.194013620413309
5 0.43828125 0.5654189042781672 0.0578125 0.11752384328594587
4 0.6609375 0.5891235281093217 0.06875 0.16914997579950325
0 0.64140625 0.5947059075978169 0.0125 0.02194772287263689