2 0.10596521633153341 0.3520925596598024 0.014144313231716544 0.014307961850553053
7 0.1029402102814092 0.3693346067377031 0.014171584308955421 0.018995461850553053
1 0.2650180294650541 0.42823054545634287 0.028352258976990452 0.03955342370110611
5 0.37018329419758117 0.6428231051161453 0.06498062626704133 0.15893071509696383
4 0.3280952672666098 0.5263583538983292 0.038181776930971266 0.11784206493480802
5 0.3118253726528041 0.5500822260573079 0.035047686571891744 0.11622501785690745
5 0.40652933947531683 0.5781196769508122 0.044622674471643364 0.15076365909060954
6 0.4554890142415477 0.5327293104738766 0.025563602262936413 0.09731137662320535
4 0.41907933645025475 0.5864952386392096 0.04623971662612103 0.16016593262955983
4 0.46317477009528024 0.6451065795486001 0.06825107201231528 0.1839852621748646
3 0.7571065772768726 0.6712291542259361 0.05412493949875792 0.17280230032431163
5 0.570728194861511 0.5986934553610266 0.04605790944452863 0.12891593262955983
4 0.6394781948615111 0.5974934196472116 0.04933744554888211 0.15553297970746058
4 0.5337685503459012 0.5579281335263596 0.03522949375348396 0.14747501785690745
0 0.645069664709086 0.6184917122608855 0.01418067466803503 0.02055796185055314
6 0.7598316014773694 0.6024246071480355 0.04573974687674198 0.07422843262955983
6 0.023112851477369384 0.6152840807631208 0.040207885244031835 0.1975568384737585
5 0.3978765021412993 0.5681134314150391 0.02885222872636941 0.1254909237011063