2 0.8941120517206432 0.340625 0.014153403590795931 0.015625
7 0.8979183077707675 0.3578125 0.014171584308955331 0.01875
1 0.7311484434075829 0.4203125 0.02836134933607006 0.040625
5 0.7086411425707022 0.66328125 0.05885789129415606 0.1796875
4 0.6445877329297819 0.66171875 0.08393061416679296 0.1921875
4 0.6719683652469476 0.52109375 0.038199957649130666 0.1203125
5 0.6843274646812134 0.5453125 0.03662836729005079 0.11875
5 0.5872842930382405 0.57421875 0.035238584112563844 0.1484375
6 0.5375433682720095 0.5296875 0.022429511903856714 0.0953125
5 0.5622661123200812 0.57734375 0.04781130698520073 0.1609375
4 0.5497115701656036 0.58671875 0.06347266842151918 0.1671875
3 0.22027807933898572 0.67734375 0.04789312021691723 0.175
5 0.3918218021134268 0.6 0.05228972872636941 0.125
4 0.2965365731906656 0.5953125 0.038309041958086 0.1390625
4 0.4341683833973201 0.57265625 0.04154312626704133 0.1578125
0 0.3099541785768599 0.571875 0.012618174668035031 0.0203125
6 0.1780723986208265 0.68046875 0.0605476563212707 0.2015625
6 0.9738076003180287 0.6078125 0.046494246680350314 0.203125