2 0.941109542051225 0.3609932633992712 0.014244313335454705 0.015870461850553054
7 0.944425446053452 0.3773449663213705 0.015861357336090974 0.02058523538950343
6 0.5872322060789055 0.5711178802799487 0.02928860534690845 0.1004909237011061
4 0.7819089067472691 0.5802223246806314 0.04396927068745349 0.15386138555165924
5 0.8315281934277229 0.6809393449731708 0.06342834269572606 0.21512616801906326
4 0.8316554627625411 0.6918768449731708 0.06980561203054378 0.22617276217486476
5 0.6345435580839961 0.6077996741114384 0.039209045353271854 0.147529564934808
3 0.28910488343408625 0.737291899758414 0.058449941358998815 0.1900443474022122
5 0.5623418414226322 0.6481303936726294 0.06464539735836254 0.1854659415580137
5 0.39589922875554134 0.6479100255708405 0.05824994668999892 0.17285684740221222
4 0.40008728942549576 0.6720605917234647 0.06322834802672617 0.19793866801906326
5 0.2546202480903595 0.6613157808458462 0.04863858935390812 0.15238070616851013
1 0.7780561060629971 0.4505757349890569 0.031722714672181594 0.04117047077900686