2 0.09381286079818814 0.4003914460136812 0.014307961850553053 0.014226132001908986
7 0.09351285186973439 0.41757894601368123 0.012800008928453743 0.01733295066836362
1 0.2583741927791249 0.4632561673694983 0.02724433847375849 0.03937158267027261
5 0.21492065300812016 0.7143641340308623 0.06073076866768634 0.16786020934118148
4 0.2508036059302195 0.7179073047024074 0.05483532467404082 0.18809998400699968
4 0.3121519833642038 0.5607766047103617 0.027100062499176226 0.12060340133672724
5 0.31652583766627485 0.5787998987109979 0.03173301542127547 0.11753294533736351
5 0.5275491124230413 0.6211072194064057 0.04206258928453739 0.17232953333863604
6 0.4583957378284307 0.5538828093968607 0.025128459414921166 0.0971477200031817
5 0.5411849184293956 0.6009492607415421 0.035648948050835474 0.16288180800445423
4 0.6475985596630978 0.5928105914226323 0.04502394805083547 0.16299089600572697
3 0.8501956797934813 0.6701832554503128 0.061194418829842334 0.1944227093411815
5 0.7396906022767714 0.5993520401018134 0.03831029788867966 0.13635567067154533
6 0.010929109985761593 0.6892624946689999 0.021858219971523186 0.21284544533736352