2 0.9215080892743664 0.434375 0.015806813335454705 0.015625
7 0.9220893446053665 0.4515625 0.014280676002545078 0.01875
1 0.746743899268003 0.48125 0.030160214672181596 0.040625
5 0.5983683919080496 0.67734375 0.07376585868872639 0.1625
4 0.6652479039226853 0.56953125 0.04514996268299924 0.1203125
5 0.6758763212524128 0.59609375 0.04200678134945388 0.11875
5 0.5757399612508219 0.6078125 0.05336245202099903 0.1546875
6 0.5349700579249126 0.553125 0.03239542401336308 0.0984375
4 0.5608325765834129 0.61328125 0.05659654002227175 0.1640625
4 0.503991683243186 0.6640625 0.08030676002545327 0.1875
3 0.20428258457991308 0.6390625 0.06455449069063528 0.1765625
5 0.4055274585853219 0.59921875 0.05467041335136287 0.1328125
4 0.3377132499204582 0.5859375 0.058104496021635386 0.159375
4 0.45123994792332167 0.56484375 0.04549540802036276 0.15
0 0.32811098325114013 0.60546875 0.01587953866963625 0.021875
6 0.2160382445894581 0.56875 0.050890885343726745 0.0765625
6 0.9534280619032771 0.7125 0.05703289202736243 0.2015625
5 0.5852240492520947 0.5984375 0.03741018801718106 0.1265625