2 0.06772001794241174 0.42506418200986323 0.015806813335454438 0.01580681333545435
7 0.06830127327341184 0.44226077267663594 0.014280676002545345 0.018913632001908987
1 0.24216548726927564 0.47475674136695306 0.030160214672181596 0.04097044533736351
5 0.3867496392425496 0.6733407867202248 0.07534654002227166 0.16491702267663583
4 0.3231604012571853 0.5647737613780889 0.045168144016544697 0.1223840773392725
5 0.3119229092536855 0.5904277420432708 0.04200678134945379 0.1192227146721816
5 0.4125677992520947 0.603319188056952 0.05336245202099903 0.15528748400699968
6 0.4538291459261853 0.5491044027291335 0.032413605346908625 0.10036362667090888
4 0.4273479145846856 0.6089606607256337 0.05659654002227175 0.16469884667409057
4 0.48221668057768585 0.661168598066497 0.08188744135899881 0.18998974801081764
3 0.784851331914413 0.6396866861075405 0.06457267202418074 0.17885225334181776
5 0.5829802965865947 0.5967072034134053 0.05467041335136287 0.1334306653405452
4 0.6511035879217308 0.5842168414226323 0.05968517735518084 0.16161020934118148
4 0.5380677859245944 0.5618049447405875 0.045513589353908125 0.1520715773392725
0 0.6610234805856401 0.6046475200906777 0.01587953866963616 0.02205681333545435
6 0.774731991923958 0.5692469167727223 0.050890885343726745 0.07714430267345414
6 0.0300814685710044 0.7051329426718634 0.05861357336090782 0.20377952800763593
5 0.40173938725336733 0.5938169187221337 0.03742836935072642 0.12854317067154533