2 0.9310893560735654 0.43046875 0.01414431323171641 0.0140625
7 0.9317660669441498 0.4484375 0.014171584308955687 0.01875
1 0.7580649465308408 0.49375 0.028352258976990362 0.0390625
5 0.7792531035394825 0.74609375 0.07135789129415607 0.1796875
4 0.7745974197962612 0.740625 0.05913969242562409 0.228125
4 0.737815558163551 0.6171875 0.03365790339440444 0.1453125
5 0.6049621515476927 0.62421875 0.03521131303532492 0.14375
5 0.50010193472518 0.65390625 0.03701016237139498 0.184375
6 0.5505110008837628 0.58359375 0.024019282981095458 0.1
5 0.3627610160090733 0.6265625 0.032240849139678306 0.1703125
4 0.337624660622879 0.65 0.043314704525872647 0.19375
3 0.20611558538910996 0.69453125 0.05571471057599684 0.1765625
5 0.21527748283158604 0.596875 0.03340337334017516 0.1015625