2 0.07822201141287735 0.41997213241536147 0.014153403590796176 0.015706813231716587
7 0.07832200536275316 0.43715963241536143 0.014171584308955421 0.018831813231716586
1 0.24962483362158436 0.4740925267345796 0.029923849336070063 0.040797716822512695
5 0.24483383625386299 0.7248374152982612 0.06659766842151908 0.16756929508134383
4 0.27298156215156205 0.7289072917616942 0.07927038524403188 0.1973295179539809
4 0.3259333244482022 0.5651584091499411 0.03664654800821019 0.12208407825883114
5 0.31513672501393625 0.5893135266363838 0.038181776930971356 0.11740566861791084
5 0.445778191836449 0.6197600716195317 0.06810562626704134 0.15820338544042373
6 0.4538447010098311 0.5291850685944697 0.02214771077238851 0.04700226502711473
5 0.46282933645025476 0.5964225655694075 0.047774945548882106 0.1549602107723885
4 0.494097517168414 0.599729372751 0.052507897344280255 0.16279998184962743
3 0.8092094327612628 0.6476548301055429 0.052589710575996665 0.17686248184962744
5 0.6338867250139362 0.5911679598886257 0.05073631908544911 0.12685339149054772
4 0.7681071889095827 0.565387230769473 0.04780221662612103 0.1596477107723885
4 0.637752068398078 0.5841594357863248 0.06186471662612103 0.1597295240041051
0 0.7487168394753169 0.5894923512809777 0.01418067466803503 0.020394313231716588
6 0.9278776195295461 0.6342831973955938 0.07302947560311139 0.1988556565176623
6 0.034486688713191035 0.6908022620020525 0.04798402380771336 0.1908977107723885