2 0.9002148919478206 0.40016637905224683 0.01266363200190881 0.014280688311602674
7 0.9015864879455935 0.4165999025911972 0.012699994668999893 0.017405688311602673
1 0.7345893446053664 0.46447652069298595 0.02543635200509069 0.03793637662320535
5 0.695134303906777 0.698991842527653 0.04574994668999892 0.17263865909060955
4 0.6319166885741861 0.6924185142001642 0.07089539735836255 0.1855750357138149
4 0.6694268739258671 0.5578895555960222 0.031032918682362975 0.1161431972400564
5 0.6793013132559127 0.5822855835991992 0.027889737348817435 0.11452615016215581
5 0.5829530245862764 0.6024832609537534 0.025110182686180947 0.14415910308425506
6 0.5374138052594125 0.5540224415547182 0.016715880012726635 0.09402273538950326
5 0.5579439339195037 0.6028281343305479 0.03617495202099903 0.15528751785690745
4 0.5445626865850037 0.61119005924947 0.0518544960216353 0.16024775324641088
3 0.21645532057609507 0.6711012528393738 0.03635676535645347 0.17091251785690745
5 0.38985700525145833 0.6100524788933864 0.045131781349453705 0.11951365909060954
4 0.2970064339195037 0.5982734533258411 0.029688594684908233 0.13486592370110612
4 0.4338797252546399 0.5873786379839959 0.03146927068745349 0.1536431972400564
0 0.31211381325591264 0.5758763019458694 0.012718176002545345 0.018968188311602675
6 0.17583032057609507 0.6703921408266649 0.046004485359635174 0.19451365909060953
6 0.9619496339115496 0.668485730918686 0.03979084802672617 0.19752956493480803