2 0.9006057906190478 0.36130824212281254 0.014244313335454705 0.015788632001908987
7 0.9035398866168205 0.37775085478990345 0.014280676002545433 0.018913632001908987
1 0.7394495672740482 0.4453821554344044 0.030160214672181596 0.04097044533736351
5 0.7888933945735497 0.6952099801081768 0.07396585335772628 0.18052384134309046
4 0.7590786252387316 0.7058020347708134 0.08352266669318062 0.1962579293443632
4 0.6819814179265034 0.5494151274267685 0.03891814401654479 0.12231135200509069
5 0.6965615385900945 0.5722441000954502 0.0404442813494537 0.11920453333863605
5 0.571733713916322 0.6231424340785873 0.07531017735518084 0.16179202267663584
6 0.5462802752625942 0.5275208514083147 0.01911362667090888 0.03146817600254544
5 0.5508490492520947 0.6049282360757238 0.045586314688089935 0.15832157733927232
4 0.5241683705840493 0.6147754034054513 0.06281017735518084 0.1616465720082722
3 0.21436556190327716 0.7150908400302259 0.05676017202418073 0.17876134667409058
5 0.3786831479153675 0.6279282893857248 0.05463405068427196 0.13030566534054522
4 0.2443536012492311 0.6224584447008166 0.05031017735518084 0.16150112133990896
4 0.38263485124923113 0.6240674927195885 0.04871131468808994 0.1583579400063634
0 0.27499452657545875 0.6751658213717255 0.014298857336090797 0.020476132001908988
6 0.1095235205681409 0.7271539406826811 0.07576471069381693 0.20085452267663584
6 0.9796280299172764 0.6208565121339484 0.028816985359635082 0.19405908267027244