2 0.11484375 0.33549539488715 0.0140625 0.014307961850553053
7 0.1109375 0.35196982873452587 0.0140625 0.018995461850553053
1 0.2671875 0.4203362248394919 0.0296875 0.0411431972400564
5 0.190625 0.6622976282480585 0.0703125 0.16997730925276536
4 0.22421875 0.6687424971606262 0.06875 0.1871375357138149
4 0.2953125 0.5237515511383858 0.0375 0.12096706493480802
5 0.33046875 0.5450128965120031 0.04375 0.13201365909060953
5 0.521875 0.6002656379905864 0.05 0.17431025324641086
6 0.453125 0.5358406737044014 0.03125 0.09742047077900687
5 0.56796875 0.6103985685915514 0.0546875 0.16970457386326193
4 0.69140625 0.6168377090144747 0.0640625 0.18236821509696383
3 0.81875 0.7036774155900218 0.0765625 0.19821140340856686
5 0.75234375 0.6212427909954112 0.0484375 0.1445954797074606