2 0.9116157735131256 0.3798656610156625 0.01258181323171641 0.014135222872636887
7 0.9132737222834617 0.3962628206565829 0.012609084308955331 0.018822722872636886
1 0.7487344993126289 0.4495656035394825 0.025218168617910663 0.03764544574527377
5 0.7978497519449076 0.7000695975875543 0.052526078062439474 0.16592498184962742
4 0.7627071374835269 0.7026178806668456 0.04951016237139498 0.18465680113146804
4 0.7086958274732643 0.5505832028755526 0.02257495764913049 0.12043976502711473
5 0.6712958214231401 0.5679888714934634 0.028888590162687855 0.1314136264634332
5 0.47150489968197123 0.6050899374556545 0.03070562021691714 0.1751727168225127
6 0.5492935563960254 0.5468229195016736 0.019313602262936415 0.09698408430895533
5 0.4254384207592102 0.6100456030485033 0.03534766842151917 0.1673874878997516
4 0.30040205932289166 0.6045228317748726 0.04324198165323567 0.18149543969514959
3 0.1609810110200939 0.6779926689124984 0.0558147045258726 0.19406816256778664
5 0.23866512860473246 0.6017569009585175 0.03207722267624522 0.1423693071815924