2 0.897577170711316 0.33410593539354133 0.015806813335454705 0.0157159035907962
7 0.9016834153803159 0.3513161612912404 0.014280676002545078 0.018831813231716586
1 0.7408010067234064 0.42225030912649997 0.030160214672181596 0.040797716822512695
5 0.8007139980903595 0.670238357232906 0.07552835335772627 0.18011474687674198
4 0.7703816080919503 0.6817798452308534 0.08821016669318063 0.19581246974937905
4 0.686559496737724 0.5273963513791735 0.04048064401654479 0.12210225897699054
5 0.7032293760741328 0.5501480501495095 0.0420067813494537 0.11898634933607007
5 0.5796560634149962 0.6048941166026799 0.07687267735518084 0.1613738372358217
6 0.5511941614019514 0.5086412853187866 0.020694308004454244 0.03293067466803503
5 0.5583532280792236 0.5868026467551051 0.04871131468808994 0.15808521077238852
4 0.5326810660804963 0.5960276558302914 0.06593517735518084 0.16131020472226432
3 0.22693160009545013 0.7043976502711465 0.059885172024180734 0.17846134328594587
5 0.3875867420830416 0.6139322524358869 0.05621473201781733 0.13156816256778664
4 0.2539748107494962 0.6115925267345796 0.05343517735518084 0.16123748184962744
4 0.39142935741563256 0.6084862283335859 0.051836314688089934 0.15810339149054792
0 0.28582479475649586 0.663336833916172 0.014298857336090797 0.02039431323171641
6 0.12240773209735915 0.7178510962128121 0.07888971069381694 0.2004454275949012
6 0.9856578786998622 0.5924365858610796 0.028684242600275668 0.19551248789975162