5 0.828430465428041 0.7024286885167993 0.06620789735836255 0.18474770472226432
4 0.8291298994270866 0.6954019836963391 0.06982379336408932 0.22695338544042354
4 0.7793742527450419 0.581838932564871 0.03771927068745349 0.15333407825883114
4 0.39133899809035944 0.6678566831540461 0.06637152936027153 0.19881020472226432
5 0.24898786608845044 0.6529669604778009 0.04553177068745366 0.15337953005422927
3 0.2772225014321773 0.7296885417616943 0.061629485359635174 0.1940954336450254
5 0.38950377808717784 0.6444100927949665 0.058213584022908015 0.16907725292686618
5 0.5551378687539505 0.646154920857406 0.06624426002545328 0.1878727047222643
6 0.5815907334102237 0.5697515021412993 0.027726105346908447 0.10015453610435347
5 0.6343981074156325 0.6098997791704666 0.048656770687453485 0.1533977107723885
7 0.9418998827179976 0.3835792154477706 0.014280676002545433 0.018831813231716586
2 0.9385748880489977 0.3663735347296114 0.01424431333545435 0.015706813231716587
1 0.7755396333943153 0.4537002970262515 0.031722714672181594 0.04080680718159222