2 0.9556112132082755 0.42734375 0.015715903590796287 0.015625
7 0.9564924571581512 0.44453125 0.014171584308955331 0.01875
1 0.780175396853301 0.48671875 0.029923849336070063 0.040625
5 0.810577010921898 0.74375 0.07138516237139499 0.184375
4 0.7785093994855796 0.7375 0.06381810206654456 0.2265625
4 0.7480355834251926 0.60234375 0.04457722267624522 0.1421875
5 0.6418446707592101 0.6125 0.04457722267624522 0.1421875
5 0.5013605713249442 0.63671875 0.04640334308955403 0.1875
6 0.5665946858845207 0.56953125 0.02870678298109546 0.1
5 0.38950092075921017 0.6125 0.05570562021691714 0.175
4 0.32708727917046654 0.62734375 0.060529475603111484 0.1984375
3 0.18908783030193466 0.67578125 0.08709197560311144 0.1984375
5 0.23145207142314012 0.571875 0.03654655405833438 0.1046875