2 0.0697009842855143 0.4312494526575459 0.014153403590796176 0.015788632001908987
7 0.06902427341492991 0.44922729332431854 0.014171584308955421 0.018913632001908987
1 0.2411492582896194 0.4901960966343196 0.028352258976990452 0.039389764003817974
5 0.2097912157423582 0.7405779046387739 0.06666130093507645 0.17888861600890865
4 0.24100485430603974 0.7339642779678652 0.05909424063022613 0.2209852093411815
4 0.2714958093228917 0.6031319012969563 0.041434041958086 0.1395352146721816
5 0.3739077370159888 0.6136597739497296 0.041434041958086 0.1395352146721816
5 0.5115577279408025 0.6378410665977304 0.04325107201231528 0.18330339600572715
6 0.44867138767991877 0.5721620699395482 0.027126102262936415 0.09718408267027243
5 0.6200242129136878 0.614702463916322 0.0509817587805987 0.16933180267345413
4 0.6818384116840239 0.630390551241277 0.05580561416679295 0.19282384667409058
3 0.8149372579950318 0.6780638878899141 0.08080561416679295 0.19311474801081766
5 0.7744980894753168 0.5761837618953229 0.03340337334017516 0.10194430800445424