2 0.9007350166423868 0.4160321047899034 0.014307961850553141 0.014226132001909165
7 0.9012298944834083 0.4324474454566761 0.012827282467404189 0.018895450668363623
1 0.733224188314898 0.4773770427673135 0.02724433847375849 0.03937158267027243
5 0.7662922382354678 0.7317196447724041 0.06075804220663663 0.16942270934118148
4 0.7319036014659925 0.7321009054344045 0.057933051135090355 0.18657384667409058
4 0.6861661818220762 0.5768497840944956 0.030225062499176048 0.12063976400381797
5 0.6476121964325728 0.5920293414226323 0.0351307508107789 0.13319430800445442
5 0.4447638859619916 0.6185811087284971 0.03901940990138826 0.17698067067154533
6 0.5262008465947285 0.5640486974060875 0.025128459414921166 0.0971477200031817
5 0.3986155888840909 0.6211697593889065 0.04357054220663672 0.16922271467218158
4 0.27380650365674325 0.608777752705271 0.05162850405718977 0.18337612133990894
3 0.1296377179429283 0.6758641606858629 0.06440123944669321 0.1991465720082722
5 0.21138832427359427 0.6033629993634532 0.04000916558343128 0.1441863520050907