2 0.08844331382089174 0.37658186525911974 0.012581813231716565 0.014280688311602674
7 0.08678081987101596 0.3937420917201694 0.01260908430895542 0.018968188311602675
1 0.25445413320092836 0.4474552471573309 0.02521816861791084 0.03793637662320535
5 0.3735348895456402 0.6612740596565072 0.05403403590796181 0.15717730032431163
4 0.3242030309379921 0.5455575564100963 0.030369276930971266 0.11770569724005639
5 0.30921383519271817 0.570298457790068 0.028797686571891745 0.1161159237011061
5 0.4067382749860638 0.5946593039744642 0.03368517447164336 0.15057274431795714
6 0.45389962129707173 0.5462587601429745 0.019313602262936415 0.09720228246740419
4 0.42075532319066566 0.6027172658250173 0.03530221662612103 0.15997501785690743
4 0.46886102508425953 0.6605939955324779 0.05730448165323558 0.1822318474022122
3 0.7687928473911625 0.6775492650109431 0.04162493949875792 0.17258411201270896
5 0.5754155521134268 0.610104846181101 0.03824540944452863 0.1287795649348082
4 0.6441928231906656 0.6066173818949159 0.03840903590796181 0.1569045649348082
4 0.535022356269957 0.5695519841683921 0.025854493753483965 0.14731137662320534
0 0.6511013533430908 0.6278338628201924 0.012618174668035031 0.020530688311602673
6 0.7676394135497453 0.6072094914719928 0.04104315651766246 0.07258411201270895
6 0.018897386520578072 0.64648921631478 0.03241356596219107 0.20054547077900686
5 0.39819906714054143 0.5851342995102373 0.02103972872636941 0.12535455600635448