2 0.9444828156676035 0.39453125 0.014153403590796287 0.015625
7 0.9461453096174793 0.41171875 0.014171584308955331 0.01875
6 0.5807162732185381 0.5796875 0.024010192622015935 0.0984375
4 0.7730310382456528 0.6015625 0.03525676483072289 0.1515625
5 0.8166042971244474 0.70546875 0.05122719847574828 0.2109375
4 0.8158866796380048 0.71640625 0.057540830989305645 0.221875
5 0.6246980773750684 0.61953125 0.030532903394404443 0.1453125
3 0.2745167910743232 0.72265625 0.047965843089554115 0.1875
5 0.55146056527482 0.65390625 0.054179481653235585 0.18125
5 0.38576738758172285 0.6421875 0.047856758780598696 0.16875
4 0.38903328814745697 0.66640625 0.051127204525872647 0.19375
5 0.24516511347942194 0.64609375 0.03992608411256367 0.1484375
1 0.7769731288011241 0.4734375 0.028352258976990362 0.0390625