2 0.08355465062063848 0.33957156010845857 0.01424431333545444 0.015706813231716587
7 0.07944840595163859 0.35673633421075956 0.014280676002545345 0.018831813231716586
1 0.24272001794241174 0.42565957191411935 0.030160214672181596 0.040797716822512695
5 0.16948941390836786 0.6760317557555366 0.06920562802354438 0.17382838544042353
4 0.2045820292409588 0.681705038834828 0.06784312269254426 0.19100679508134383
4 0.2742961872613215 0.5321004694547914 0.03582950668363551 0.12519998789975162
5 0.311550739258458 0.5534123880727022 0.042206776018453684 0.13617384933607007
5 0.5101513239179128 0.6076964088553535 0.047403353357726094 0.179951120413309
6 0.4366961899268215 0.5416396167990716 0.02928860534690845 0.10016362646343317
5 0.5576893952498676 0.6181299148072819 0.05201812802354446 0.17372839149054772
4 0.6849876919160038 0.6227770290722706 0.06153857869190791 0.1862829336450254
3 0.8191348779042317 0.7102820951326576 0.07580107336090798 0.20355224687674217
5 0.7482416699156857 0.6254889386149951 0.047021545353271674 0.147138620413309