2 0.09400473903965609 0.37265625 0.014307961850553053 0.0140625
7 0.09194736119863466 0.3890625 0.012827282467404078 0.01875
1 0.25852693506189656 0.44375 0.02724433847375849 0.0390625
5 0.21136911160237645 0.69609375 0.05763304220663672 0.16875
4 0.246566271910802 0.6984375 0.05480805113509044 0.1859375
4 0.300170738632619 0.546875 0.027100062499176226 0.1203125
5 0.3387656343305479 0.56484375 0.03354097727182861 0.13125
5 0.5386662228043064 0.60390625 0.03586713636243814 0.175
6 0.4602860783241935 0.54453125 0.023565959414921168 0.096875
5 0.5856503169601078 0.61015625 0.04044554220663663 0.16875
4 0.711363383112732 0.60625 0.04847623051823948 0.18125
3 0.8501861497518235 0.68203125 0.06124896590774291 0.196875
5 0.7738224728043064 0.60390625 0.03844666558343128 0.14375