2 0.914883093973317 0.39609375 0.01414431323171641 0.0140625
7 0.9171268500234412 0.41328125 0.012609084308955687 0.01875
1 0.744166072994274 0.465625 0.02678975897699054 0.0390625
5 0.790322413746137 0.7234375 0.055687439498758096 0.171875
4 0.7535718474893583 0.72890625 0.054288565962191095 0.2
4 0.7114894074996211 0.5765625 0.021085180521767555 0.1328125
5 0.6449877087292851 0.59296875 0.027344270880847076 0.134375
5 0.4557388563681529 0.625 0.03384880093507654 0.178125
6 0.5389104255517978 0.56328125 0.022447692622015937 0.0984375
5 0.397190558163551 0.6171875 0.03693743949875792 0.171875
4 0.28618942564999367 0.628125 0.04643061416679295 0.1921875
3 0.15770535646634878 0.68984375 0.06364538524403182 0.196875
5 0.21128032924078982 0.6125 0.03676472267624522 0.1421875