2 0.10335500338158869 0.35546875 0.014226132001908986 0.0140625
7 0.10042999805058858 0.37265625 0.014280676002545345 0.01875
1 0.2699254327259518 0.43671875 0.028579533338636054 0.0390625
5 0.20724580876031387 0.68984375 0.06295562802354437 0.1734375
4 0.24328330609481386 0.6984375 0.06328289202736244 0.2015625
4 0.29389073874122384 0.54921875 0.026545413351362866 0.1328125
5 0.35976118674408736 0.5703125 0.03281359468490823 0.134375
5 0.5462259454169052 0.615625 0.04113517202418073 0.178125
6 0.4681003980744511 0.5484375 0.026163605346908446 0.1
5 0.6063367420830417 0.61171875 0.044187446689998924 0.171875
4 0.716711168085587 0.63046875 0.05381698535963508 0.19375
3 0.8409759187619048 0.7015625 0.07262152936027136 0.1984375
5 0.7915838987507688 0.61953125 0.04229768268618095 0.14375