2 0.9519866087630028 0.4608934745385513 0.015897735389503252 0.01580681333545435
7 0.9507377544609316 0.47888040587209685 0.0159795560063543 0.020494313335454352
1 0.775474701700988 0.5106133058959593 0.03198638555165907 0.04255112667090888
5 0.7806606282414679 0.7629479652291866 0.08756600405718977 0.18379429201145392
4 0.7766452840856666 0.7567434185630502 0.08057171022570006 0.23057838534372693
4 0.7471196509696394 0.6320615919000956 0.04784893912238175 0.14583975867281787
5 0.6149929435833131 0.6281291645846856 0.04941143912238175 0.1458579400063634
5 0.5091111363591427 0.6504592452657758 0.054780777596140064 0.1849749840069997
6 0.5642156477232285 0.5841797172581398 0.034558006492821744 0.10038180800445425
5 0.3748355478853843 0.6129512492839113 0.04825804220663672 0.16927725867281787
4 0.3494088538917387 0.6335637412874112 0.06275691882984216 0.19444089067472686
3 0.21562023497917102 0.6687210859723194 0.07185918344033873 0.17892497867599957
5 0.23034916233372513 0.5724364319700923 0.0424250535707225 0.1035977146721816