2 0.9004256842342006 0.33493718236847925 0.015715903590795933 0.0157159035907962
7 0.9050131902843248 0.35215195344571815 0.014171584308955687 0.018831813231716586
1 0.7428808289462022 0.4223048512809776 0.029923849336070063 0.040797716822512695
5 0.7726809166730032 0.67170540846257 0.09949198165323558 0.18182269262201595
4 0.6969542088274809 0.6618895260472085 0.08849993949875792 0.17238406010845858
4 0.6883655248878678 0.5266787338927308 0.04290563836728971 0.12368293969514958
5 0.703086555040293 0.5478588423039872 0.04131586729005079 0.11898634933607007
5 0.6005155460633026 0.5863259237842723 0.043132897344280254 0.1627454396951496
6 0.554699052015231 0.5384015081914235 0.027117011903856535 0.09546703610435348
5 0.5778683864223823 0.5846316135776177 0.04932835518980241 0.15340680113146804
4 0.5559342990883647 0.5946605985505032 0.04939198770335977 0.16434430113146803
3 0.24280251913233125 0.7014362767345796 0.05726812021691714 0.17532725292686618
5 0.4026911244203296 0.6140822433607006 0.05077268052176755 0.13310339149054773
4 0.2956598744203297 0.6134595537637468 0.07741699375348414 0.14732042759490122
4 0.43405475390882486 0.5947328005422929 0.05088176483072289 0.15185339149054772
0 0.303558732831586 0.598661255559145 0.01418067466803503 0.02039431323171641
6 0.17323036251647297 0.7080630057555366 0.0902260659621911 0.2005181504675381
6 0.9817155490883647 0.5971377213996989 0.030860156321270437 0.2017352168225127