2 0.08331805669061303 0.3559414486721401 0.015715903590796176 0.0157159035907962
7 0.07950725546094901 0.37232497277444104 0.014171584308955421 0.018831813231716586
1 0.24710382161953182 0.44361014119596015 0.029923849336070063 0.040797716822512695
5 0.1743577097904299 0.6963033491396783 0.06821471057599679 0.17695338544042355
4 0.21034975194490757 0.7058874273985095 0.06993174668035032 0.20352497579950324
4 0.2680799178323439 0.5577908158639951 0.030469270880847076 0.1345477168225127
5 0.33227877321853816 0.5816010205862595 0.036728361239926774 0.13614657825883114
5 0.5185208002477054 0.635026523316734 0.046366981653235585 0.18151362041330898
6 0.4423259389095827 0.5634918909013725 0.02870678298109546 0.10016362646343317
5 0.5778867098886258 0.6338094569617596 0.049446529857837616 0.17371930113146802
4 0.6881747700952803 0.6571065772768726 0.060511294884952174 0.1956579336450254
3 0.8104906525106417 0.7335968752850828 0.07773515632127079 0.20200792759490122
5 0.7646918182998821 0.6497395048717738 0.04615790339440444 0.14557612041330897