2 0.9351669030016211 0.388405197246647 0.01414431323171641 0.014307961850553053
7 0.9368339421310367 0.40634667370769667 0.012609084308955687 0.018968188311602675
1 0.7644776739806639 0.4609228997617093 0.02678975897699054 0.03952615016215581
5 0.7972003121515621 0.7135024289827026 0.06509880093507636 0.179243215096964
4 0.7924764507152435 0.7073342495995535 0.05289878278470397 0.23058752678536115
4 0.7495799027070335 0.5861956351512126 0.028970403394404442 0.1458034237011061
5 0.6168355804001304 0.6002326359619916 0.03052381303532492 0.1442681972400564
5 0.5123389779408025 0.6348724630716645 0.030760162371394985 0.1848931972400564
6 0.5595725262436003 0.5613843701336789 0.02089428298109546 0.10035455600635448
5 0.3739304629136878 0.6154111712687694 0.025990849139678397 0.17074887662320534
4 0.3498480682998821 0.6392714111224997 0.03706470452587265 0.1943772913958579
3 0.2196702097904299 0.6915487516248531 0.04945562021691714 0.1758454797074606
5 0.22378501716841398 0.593029431008002 0.030278373340175156 0.10208069724005639