5 0.24508836630809228 0.7713876249983523 0.07292948165323558 0.18250458279171564
4 0.24349405005131364 0.7658916014594019 0.07628174063022612 0.2216216298696164
4 0.2646781827612627 0.6475234310047068 0.044622674471643364 0.15076365909060954
4 0.6521690924021831 0.6527247686643911 0.07457379488495235 0.19659435633066594
5 0.7839412671684138 0.6104981327056949 0.05087267447164336 0.15087275324641086
3 0.7750298754814745 0.6900219914719928 0.06672493344863355 0.19020798863591432
5 0.6489122821955287 0.6300139715864904 0.06346357806243948 0.16671594155801356
5 0.49131795081343943 0.664759344152506 0.07294766237139498 0.18562958279171565
6 0.4487441105525557 0.5976167086008469 0.03182269262201594 0.09898297077900686
5 0.40840545686356367 0.6461263465881381 0.053997674471643366 0.15092730032431162
7 0.06378278239192034 0.4901261680190633 0.014171584308955421 0.01899546185055314
2 0.062129378801124166 0.47447389448011296 0.015715903590796176 0.015897735389503252
1 0.23740663475305251 0.5251847808425509 0.031495439695149674 0.04273297077900686