2 0.0859375 0.390625 0.0140625 0.0140625
7 0.08515625 0.4078125 0.0140625 0.01875
1 0.2578125 0.45 0.028125 0.0390625
5 0.30859375 0.68984375 0.0546875 0.1796875
4 0.3734375 0.68046875 0.0796875 0.1921875
4 0.32890625 0.54375 0.0359375 0.1203125
5 0.3203125 0.56953125 0.0328125 0.11875
5 0.4203125 0.58671875 0.03125 0.15
6 0.46484375 0.53515625 0.0203125 0.0953125
5 0.4453125 0.58671875 0.0453125 0.1609375
4 0.45859375 0.59375 0.059375 0.1671875
3 0.7984375 0.64375 0.0453125 0.1765625
5 0.61796875 0.58671875 0.05 0.125
4 0.7125 0.571875 0.0359375 0.1390625
4 0.57265625 0.565625 0.0390625 0.1578125
0 0.696875 0.55 0.0125 0.0203125
6 0.83984375 0.64140625 0.05625 0.2015625
6 0.03359375 0.66796875 0.0484375 0.2046875