2 0.8955336511549092 0.354398573878142 0.01414431323171641 0.014226132001908986
7 0.8977774072050334 0.3715588018778238 0.014171584308955687 0.018913632001908987
1 0.7349228832009284 0.43438716056655 0.028352258976990362 0.039389764003817974
5 0.7928479709277294 0.6829150198918231 0.06192834913967822 0.1710215720082724
4 0.7592269498504904 0.6879934185630502 0.05889425273047451 0.1866102093411815
4 0.6975996243221337 0.538720671904868 0.03039654800821019 0.12222044533736351
5 0.6615530400131784 0.5578888425764132 0.036710180521767555 0.13323067067154531
5 0.4612803292407898 0.6070910532702302 0.04008971057599684 0.17701703333863605
6 0.5374297387835144 0.5429280085932762 0.025572692622015936 0.09872840133672725
5 0.4159269226249315 0.6146495619430481 0.04474084913967839 0.1708215773392725
4 0.2909269226249316 0.6161040686266837 0.052626072012315284 0.18341248400699967
3 0.15374001913233126 0.6981636853119101 0.06677947560311144 0.19920111600890866
5 0.22842692262493158 0.6168313219685014 0.04146131303532483 0.1442227146721816