2 0.11205613504764012 0.32784428401495386 0.0157159035907962 0.015806813335454438
7 0.1074686289975159 0.3449772400143175 0.015743174668035032 0.02049431333545444
1 0.26727087587425796 0.4202692360359529 0.031495439695149674 0.04255112667090888
5 0.20540317671113847 0.6625016420273624 0.0744283491396783 0.17116702267663583
4 0.23202476404515598 0.6729669746976349 0.08865447560311149 0.199455654678545
4 0.3210094751121321 0.526356151376498 0.04133404800821019 0.1223477146721816
5 0.30472594495970695 0.5472589973742709 0.044431776930971355 0.11769657733927233
5 0.4261560382456528 0.6064805507240428 0.07592721662612104 0.16024770401018137
6 0.453776523316734 0.5200890647278609 0.02371930113146803 0.0487102200031817
5 0.4479219539366975 0.5879850893936791 0.055596535907961805 0.15688634667409057
4 0.47688274609117515 0.5976964440642698 0.060320397344280255 0.16319089067472703
3 0.7744349778426066 0.7175571474379042 0.060402210575996665 0.17725339067472703
5 0.6160770562978296 0.6219708327498144 0.05699540944452863 0.12877952800763595
4 0.7528230773750684 0.6282491994350408 0.05562380698520073 0.16157384667409058
4 0.620732740041051 0.6165566267504506 0.06968630698520073 0.16173747867599958
0 0.7279367068635636 0.6474895480983137 0.01418067466803503 0.020476132001908988
6 0.8932622458947833 0.7322201787873581 0.08241356596219092 0.20094542934436319
6 0.019783318398077985 0.5806596540022271 0.03393061416679298 0.19256930800445424