2 0.9161242374213934 0.3849548274585851 0.015897735389503252 0.015806813335454438
7 0.9189355917234646 0.40295994012567604 0.014389782467404189 0.018913632001908987
1 0.7482452163180753 0.4673935154359953 0.028834112012708957 0.040952264003817976
5 0.7977467897775954 0.7203645214433131 0.07662850405718977 0.18366702267663584
4 0.7923734971639215 0.7148321367759041 0.06656375730360083 0.23353975334181776
4 0.7413212861241474 0.595463971435359 0.03850121266133204 0.14729317067154532
5 0.6080996830398921 0.6173560580839961 0.04003643912238175 0.1457488520050907
5 0.505800797488233 0.6583617714035422 0.04389782467404082 0.1879727146721816
6 0.5485570876662749 0.5814998267424965 0.026772780031772213 0.10185340133672707
5 0.3637769387219351 0.6473322700509068 0.037402362823487675 0.17383748933799978
4 0.3414519253292545 0.6728589813812705 0.050311465907742825 0.1974204400063634
3 0.21304450731019126 0.7323147026973167 0.06094895697928911 0.1803602093411815
5 0.2116513770335378 0.6330595900302259 0.03620232710967279 0.10508748933799979