2 0.9197163473901793 0.41875 0.01424431333545435 0.015625
7 0.9199163420591792 0.4359375 0.014280676002545433 0.01875
1 0.7500220127307242 0.471875 0.028579533338636054 0.0390625
5 0.7576094354312227 0.72109375 0.06924199069063519 0.1765625
4 0.7271861387650864 0.725 0.07878062269254435 0.190625
4 0.6784020987428148 0.5609375 0.03733746268299924 0.1203125
5 0.6888583407463145 0.58671875 0.03728291868236298 0.115625
5 0.5602611734165871 0.61328125 0.07056813335454457 0.15625
6 0.5505401807367696 0.51640625 0.01911362667090888 0.03125
5 0.5420469754137236 0.5921875 0.04242495202099903 0.1546875
4 0.5147486787475872 0.59609375 0.059648814688089934 0.1578125
3 0.19962366542008692 0.6390625 0.05201812802354437 0.1734375
5 0.3724248187459963 0.584375 0.05147268801718106 0.1265625
4 0.24474471407540563 0.55546875 0.047148814688089936 0.1578125
4 0.37706686541213275 0.58046875 0.04554995202099903 0.1546875
0 0.26493958274981433 0.6125 0.014298857336090797 0.0203125
6 0.09641684941913242 0.63203125 0.07102266669318058 0.1953125
6 0.9673566054264502 0.6859375 0.053780622692544 0.190625