2 0.0820916006126843 0.39816076492891883 0.014226132001909008 0.014144313231716587
7 0.08110126527691168 0.41612496974937896 0.012718176002545345 0.018822722872636886
1 0.2493330972708665 0.46163797852997773 0.027017033338636053 0.039217036104353654
5 0.25424567457036806 0.7109021803253757 0.08483062802354438 0.17391928903121964
4 0.3271382819064589 0.691012382022578 0.07380222135581711 0.16604315651766247
4 0.31698312659136707 0.5565692043294808 0.032649962682999245 0.12049430718159222
5 0.3050007472549582 0.5791572766363837 0.03259541868236297 0.11580680718159223
5 0.41099620858532193 0.6016504210537977 0.0299794960216353 0.15953862646343317
6 0.44911437392586706 0.5487435896717086 0.019840880012726637 0.09385908430895533
5 0.4321354119191856 0.5978668909013726 0.03768290802036276 0.15020907825883115
4 0.45550927725177653 0.6034719962875668 0.03626585868872638 0.16269998789975162
3 0.7774928179105951 0.6631616554375079 0.04262494668999892 0.17211134933607006
5 0.6086706399188674 0.6012378514773694 0.04057155068427196 0.12991475897699054
4 0.7143302939210946 0.5854452007152436 0.0657170013526354 0.14256020472226433
4 0.5752496125875491 0.5861986587571575 0.03766472668681722 0.14864657825883115
0 0.7035473352562308 0.5721003182016863 0.012736357336090798 0.020385222872636888
6 0.8470695212444586 0.6596599264165508 0.07412948535963508 0.19416815651766228
6 0.024231457909004186 0.6704988523611322 0.046059029360271495 0.19869203005422928