5 0.22940427897407475 0.7557222382925352 0.06510789129415606 0.1800602047222643
4 0.2285866675377563 0.7494767834720749 0.06691583098930573 0.22225679508134383
4 0.2552440954272452 0.6313489521881814 0.036810174471643364 0.15020907825883115
4 0.6451969297362006 0.6478309075978169 0.06519879488495235 0.1956852047222643
5 0.7793537611182897 0.6095491367169699 0.044622674471643364 0.15025453005422928
3 0.7665315742518105 0.6885326547691466 0.057359023807713426 0.19095225292686618
5 0.6419401195295461 0.6251928383159762 0.05565107806243948 0.16594316256778646
5 0.48273329117251906 0.6550263049420971 0.06356357201231529 0.1831761143631848
6 0.44327081537301594 0.5865035639190876 0.027135192622015934 0.09859203610435348
5 0.3997935261454044 0.633633093973317 0.046185174471643366 0.15026362041330898
7 0.06053506254434551 0.46763240671405415 0.014171584308955421 0.018831813231716586
2 0.06122540895354933 0.45200286153451436 0.014153403590796176 0.01570681323171641
1 0.23420891188041554 0.5072483768562166 0.029923849336070063 0.040797716822512695