5 0.7973064590144746 0.7008241807765404 0.07199555113509035 0.18673747867599957
4 0.7974291899397511 0.6937929307765404 0.0742944366867496 0.22894316000954493
4 0.7486252715136508 0.5799207874363134 0.04176258035608367 0.15514203333863605
4 0.35789908563767997 0.6707061353834977 0.07226828652459379 0.20236247867599957
5 0.21513488717980755 0.6573237933640895 0.051137580356083664 0.15525112133990876
3 0.2419234837712409 0.7342135573679075 0.06590919236879245 0.19603975334181775
5 0.3559644387219351 0.6472413633831795 0.0623478157455871 0.17100339067472703
5 0.5231928490303606 0.6468430160725422 0.07048759821299129 0.18984429734245403
6 0.5503241392084025 0.5697992580760419 0.03143300649282175 0.10034544533736352
5 0.6035349139651688 0.6102702640833598 0.052700080356083666 0.15526930267345412
7 0.91390321834667 0.377896305458267 0.014389782467404189 0.018913632001908987
2 0.9110645905056487 0.3614536927911761 0.015897735389503252 0.015806813335454438
1 0.7469690884770538 0.4509690841024498 0.03198638555165907 0.04255112667090888