2 0.9139344460255359 0.42623400121122546 0.015897735389503252 0.015897735389503433
7 0.9136344370970821 0.4434215012112254 0.014389782467404189 0.01899546185055314
1 0.7380071457012243 0.4763043648487873 0.030396612012708955 0.0411431972400564
5 0.5930280620987297 0.6785236095737815 0.07161372158978559 0.16526253571381488
4 0.6559019833642038 0.5686497775928447 0.04275233603812652 0.12258411201270895
5 0.6687332199715232 0.5946628526739227 0.039600062499176046 0.12096706493480802
5 0.566911621351495 0.6077338226421507 0.04960235389503396 0.1570682061685101
6 0.5241025584452818 0.5530639135515412 0.029870506492821747 0.1004909237011061
4 0.5519724139651687 0.6129434740221223 0.05291826866768634 0.16806025324641088
4 0.49633034010190685 0.6666764001588605 0.07673759821299111 0.19034435633066593
3 0.1911206887219351 0.646500673294069 0.06092168344033877 0.17913412094116268
5 0.3942962816599205 0.602376346588138 0.05234552434972919 0.13524775324641086
4 0.32495594643257286 0.5902251741048479 0.055934174511885 0.16186480032431164
4 0.4394684598252535 0.5664348924482228 0.041735306817133375 0.15380683847375848
0 0.3152263904262184 0.6103740328711458 0.014444329545304769 0.022120461850553143
6 0.20017413474417553 0.5755432909888206 0.04821140340856669 0.07738070616851012
6 0.9543377090144747 0.7082749338407852 0.05357283360249454 0.20556025324641106
5 0.577231512585197 0.5985361006453278 0.03507620373287814 0.13026024431795716