2 0.9056018259468661 0.37551941356142693 0.014226132001908809 0.014307961850553053
7 0.9061830812778663 0.3926932767919518 0.012699994668999893 0.017405688311602673
1 0.7384501412715029 0.4424865454596382 0.02543635200509069 0.03793637662320535
5 0.6133757739099586 0.6524400182672399 0.05806813335454457 0.15723184740221222
4 0.6670285799252307 0.5390263547124035 0.03261360001590834 0.11773297077900687
5 0.6800189285885037 0.5637945296313256 0.029452237348817432 0.1145534237011061
5 0.58367973058564 0.5865656022767715 0.03768290802036276 0.1506272913958579
6 0.5381586925923216 0.5381514216758065 0.02143974267981754 0.0972295560063543
4 0.5695354145846856 0.5938423141273246 0.0393544960216353 0.16002956493480802
4 0.5196621365770495 0.6509514306042602 0.061484034691271464 0.1822863944801128
3 0.22272350190964052 0.6616021530048248 0.04573176535645347 0.17107615909060953
5 0.4163831425843674 0.5988588709444579 0.040535188017181055 0.1272443384737585
4 0.3484871179185492 0.5937952698887976 0.04242495202099903 0.15539661201270896
4 0.45668142592300354 0.5591008957012242 0.029834045353271853 0.1473659237011061
0 0.3404291699156857 0.6150253875835494 0.012736357336090798 0.020530688311602673
6 0.22665757125241281 0.5920163559269241 0.04302384134309047 0.07261138555165907
6 0.9641752052435042 0.6447546087728886 0.036665848026726164 0.19747501785690744
5 0.5923916592536855 0.5762593478125446 0.023329506683635516 0.12538182954530477