2 0.9141186047970191 0.41780422452295696 0.014153403590796287 0.015706813231716587
7 0.9150043939264346 0.43577751970249673 0.014171584308955331 0.01883181323171641
1 0.7464861980829649 0.47463951092189804 0.028352258976990542 0.039226126463433174
5 0.7784230410743233 0.7271605229239506 0.0634817587805987 0.16911361436318462
4 0.7432622458947834 0.7261747398446592 0.062019252730474504 0.1862920240041051
4 0.7001793455254411 0.5720230501495095 0.03194995764913067 0.1204943071815924
5 0.6604174087571576 0.5858537459929792 0.038263590162687856 0.13146816861791066
5 0.4613259237842723 0.606569725210328 0.04320562021691714 0.17524543969514958
6 0.542271396755105 0.5546986738824681 0.027126102262936415 0.09702953610435347
5 0.4136742189638121 0.6070737192583996 0.046294258780598695 0.16901362041330897
4 0.29015036055255566 0.5915118308911099 0.05574198165323559 0.18156816256778646
3 0.1483310200952802 0.6539658582148646 0.06989538524403183 0.19727497579950323
5 0.22917195393669743 0.5841260568870048 0.043023813035324834 0.14399543969514958