2 0.9298617794650541 0.4328125 0.015715903590796287 0.015625
7 0.9291805234149297 0.45 0.01574317466803521 0.0203125
1 0.7574736950579029 0.47890625 0.031495439695149584 0.0421875
5 0.7706923543060398 0.73671875 0.07600902985783761 0.1734375
4 0.7355179235878806 0.73359375 0.07610902380771342 0.190625
4 0.7025594569617596 0.57421875 0.041343138367289714 0.1234375
5 0.6635696798343964 0.58671875 0.04765677088084708 0.134375
5 0.45814183645025475 0.59375 0.05416130093507636 0.178125
6 0.5438066256778662 0.546875 0.03495678298109546 0.1
5 0.4104810412707149 0.59296875 0.0588124394987581 0.171875
4 0.28689809552544104 0.56796875 0.0682692527304745 0.1859375
3 0.13721171291368786 0.621875 0.08399424668035031 0.203125
5 0.22511116783234392 0.55625 0.053979493753484056 0.146875