2 0.95442770206077 0.4531786431408678 0.01580681333545435 0.015715903590796287
7 0.9546367873965427 0.4711473931408678 0.014280676002545078 0.01883181323171641
1 0.7768935954009969 0.5029235922057913 0.030160214672181596 0.040797716822512695
5 0.7853531747692225 0.7599866584625701 0.08495789735836254 0.18485678903121983
4 0.7805929494350408 0.7537093873853312 0.07770901869827132 0.23324883723582168
4 0.7494236707510871 0.6261929205628184 0.04545904535327185 0.1471295300542293
5 0.6150213987507689 0.6230673996819712 0.04700336401972649 0.14557612041330897
5 0.5082446874204051 0.6443197100850175 0.05061926002545327 0.1877818011314682
6 0.562931640077951 0.5774549178323439 0.03243178668045381 0.1017443071815924
5 0.37110776674885987 0.6075868036655508 0.044187446689998924 0.1721204396951496
4 0.3447907147517234 0.6285260175611974 0.05854084802672599 0.19720225292686636
3 0.20927138542326856 0.6636726563212706 0.06771585335772619 0.18006929508134384
5 0.22376005207667832 0.5661073099120669 0.04028064934754481 0.10491475897699054