2 0.0875 0.3924244046785449 0.0125 0.014207950668363533
7 0.0859375 0.40959372334499944 0.0125 0.018895450668363623
1 0.25234375 0.46387378536758933 0.025 0.037790901336727065
5 0.2046875 0.7164442546944533 0.053125 0.16780566534054503
4 0.23984375 0.7191970846992258 0.05 0.18495680267345432
4 0.29375 0.5666993407065436 0.0234375 0.1221477200031817
5 0.33125 0.5843231927116344 0.028125 0.13157726400381797
5 0.53359375 0.6226151754057694 0.0296875 0.17534544533736351
6 0.4546875 0.5631032680617245 0.0203125 0.0971113573360908
5 0.58046875 0.6278481154121327 0.034375 0.1691499893379998
4 0.70625 0.6230617127625411 0.04375 0.1817590773392725
3 0.84765625 0.6981446234484038 0.05625 0.19752952800763596
5 0.76875 0.6206639661043589 0.0328125 0.14413180800445424