2 0.9108873125024715 0.3769470673638496 0.014307961850553141 0.014307961850553053
7 0.9129446903434928 0.39339422767227505 0.014389782467404189 0.01899546185055314
1 0.7455156826328551 0.44908334577406384 0.02880683847375849 0.03955342370110611
5 0.6466673051988708 0.6052185231286179 0.04354326866768652 0.16789661201270895
4 0.6099446010589554 0.5600327081938097 0.04401482710967279 0.10542388555165907
5 0.6815741392084025 0.5753497909855254 0.04892051542127547 0.11800570616851011
6 0.5522411952147569 0.5527735872526472 0.029870506492821747 0.1004909237011061
4 0.5854570698093674 0.6197798551095547 0.051573956979289196 0.18053297970746057
5 0.5274945653451406 0.6273644841683922 0.06352848620028233 0.14950116801906327
3 0.2341888502481766 0.6863268323846785 0.04990236282348777 0.1742557061685101
5 0.4367059241114385 0.6351576189092724 0.042970524349729186 0.13508411201270895
4 0.43432126380301295 0.6374604586008468 0.05601599512873605 0.16655230032431162
4 0.5245837995168279 0.5702650503210164 0.038364844966580235 0.1396897913958579
6 0.28647805317027586 0.6903654959395149 0.05647964529089187 0.19311480032431164
6 0.9843485373419633 0.6454982443113666 0.012756918829842335 0.19391364123370208
5 0.5714042524389272 0.5742082564895264 0.05514324188232518 0.11655230032431163
4 0.35238547118933916 0.630559847805954 0.06544554220663672 0.1698409415580137
0 0.3726570608809137 0.6332581538123085 0.011292056006354478 0.020503414772652384