2 0.10530668617910825 0.37680005357072244 0.014144313231716544 0.014307961850553141
7 0.10462543012898404 0.39397391680124727 0.014171584308955421 0.01899546185055314
1 0.27293961377400955 0.4562808222384088 0.026798849336070064 0.041088650162155814
5 0.22834577302214645 0.7132887528393738 0.061919258780598695 0.16981366801906325
4 0.25570315856076586 0.7161097897710047 0.055851065962191096 0.20095457386326193
4 0.33993219193464486 0.5582211976437982 0.03038745764913058 0.12083069724005639
5 0.3236622973208391 0.5813723254848198 0.030369276930971356 0.11770569724005639
5 0.4637787580932276 0.6306883072208752 0.04156130698520073 0.16164661201270897
6 0.47574697208707006 0.5395002455324779 0.020585210772388507 0.0472295560063543
5 0.4839776286047324 0.6115116132272295 0.04625789734428025 0.16329093262956001
4 0.5207191045024315 0.6160587913925626 0.03221357806243948 0.16617047077900687
3 0.8298219146108903 0.7089453153352547 0.043214710575996663 0.17729888555165907
5 0.6598497821955286 0.6302048863591427 0.033548819085449114 0.12713524431795714
4 0.8089776286047325 0.6171845093289002 0.039944264830722886 0.15224433847375848
4 0.6856037611182897 0.6259673997518235 0.04630334913967822 0.17110343262956001
0 0.7978674117822198 0.5873060945562478 0.01417158430895551 0.01899546185055314
6 0.9688571435336513 0.7066851603018349 0.05895788524403187 0.19788412094116267
6 0.0256702249157404 0.6527255795453047 0.044940837039429915 0.20545115909060954