5 0.7965190561014378 0.7491400620533663 0.05573289129415606 0.18000566256778647
4 0.7980406494855796 0.7421179024124458 0.055969240630226125 0.22063066256778666
4 0.7637742129136879 0.626297459692234 0.028997674471643364 0.15016362646343318
4 0.3741577218906783 0.6630919151018694 0.05581470452587265 0.19406816256778664
5 0.23648045988862573 0.631823213502863 0.036810174471643364 0.15020907825883115
3 0.25412247784260666 0.7100482074527388 0.049537433448633726 0.18934430113146802
5 0.37480261650448404 0.6396589602814092 0.04783857806243948 0.16589771077238852
5 0.5366486315315987 0.6624748124461497 0.05574198165323559 0.18156816256778666
6 0.5713867250139362 0.5908043455254411 0.022447692622015937 0.09856476502711473
5 0.6185253454272452 0.6363895562978296 0.038372674471643366 0.15021816861791085
7 0.947907797517231 0.4515934172431687 0.01259999394987581 0.01726022287263689
2 0.9462498487468949 0.4351780768840891 0.014153403590796287 0.015706813231716587
1 0.7755378938282389 0.49980768256487096 0.028352258976990542 0.039226126463433174