2 0.0703125 0.39925566000954504 0.0140625 0.015788632001908987
7 0.06796875 0.4156346380092268 0.0125 0.018895450668363623
6 0.42890625 0.5846782760582245 0.021875 0.09712953866963617
4 0.23984375 0.6035720846992259 0.034375 0.15039998933799978
5 0.19765625 0.7062061886934987 0.05 0.20839430267345413
4 0.1984375 0.7163715293602715 0.0546875 0.2193863466740904
5 0.3859375 0.6224595393857248 0.0296875 0.14409544533736351
3 0.73125 0.7296026140992682 0.046875 0.1849204400063634
5 0.45859375 0.6576799713955881 0.0515625 0.17872498400699968
5 0.62109375 0.6486333300843142 0.046875 0.1661704400063634
4 0.61875 0.6720435580839961 0.05 0.19120680267345413
5 0.759375 0.6533673781030862 0.0390625 0.14732953333863605
1 0.23515625 0.47773629069858947 0.028125 0.039389764003817974