2 0.06896064090137258 0.4386761597391162 0.014144313231716565 0.014144313231716587
7 0.06827938485124838 0.4558682049186561 0.014171584308955421 0.018831813231716586
1 0.2435430052645573 0.5001625847017388 0.028352258976990452 0.039226126463433174
5 0.22236393861499515 0.7542006449083933 0.07135789129415607 0.18009656615858277
4 0.2262383723582165 0.7487091690106944 0.06071128278470379 0.2300329336450254
4 0.26380148399092673 0.6250489552132437 0.03365790339440444 0.14550339754067193
5 0.3974315954272452 0.6305217295119363 0.035211313035324744 0.1439499878997516
5 0.5030730622497579 0.6595956302740621 0.0370192527304745 0.18614657825883113
6 0.4518872912707149 0.5903598169441497 0.024019282981095458 0.10013635538619425
5 0.6396372761454044 0.6322377238545955 0.032240849139678396 0.1704943071815924
4 0.665550336352059 0.6547439829297819 0.04331470452587247 0.1939954396951496
3 0.7978497519449076 0.7000695975875543 0.05571471057599684 0.17688066256778648
5 0.7894645593228917 0.6016775493829523 0.03340337334017498 0.1017533975406721