2 0.90859375 0.38942755454332384 0.0140625 0.014226132001908986
7 0.909375 0.40582471387655106 0.0125 0.01733295066836362
1 0.74375 0.4538456852323683 0.0265625 0.03937158267027261
5 0.78203125 0.704962742560505 0.0578125 0.16786020934118148
4 0.74765625 0.7053627318985047 0.0546875 0.18501134667409058
4 0.69921875 0.5535826032384135 0.0265625 0.1206215826702726
5 0.66171875 0.5696439552435042 0.0328125 0.13163180800445423
5 0.46171875 0.6000961659373211 0.0359375 0.17541817067154533
6 0.54140625 0.5444814179265034 0.0234375 0.0971477200031817
5 0.415625 0.6037575152769117 0.040625 0.1676602146721816
4 0.29140625 0.5950466812937745 0.0484375 0.18025112133990878
3 0.15 0.6646608419796373 0.0609375 0.19602157200827222
5 0.23125 0.5902779126352742 0.0375 0.1426238520050907