2 0.9178112313586482 0.36512698854236936 0.01414431323171641 0.014226132001908986
7 0.921036225308524 0.38227812587527843 0.014171584308955687 0.018913632001908987
1 0.7503015444921688 0.4459877318985047 0.026798849336070064 0.04093408267027243
5 0.8135065682016863 0.7007383192234596 0.05883062021691714 0.17567270934118148
4 0.7768378151766242 0.7097593305617776 0.05898515632127062 0.2022352093411815
4 0.7251748003459012 0.5587877239020045 0.024210180521767554 0.1330852200031817
5 0.6588867250139362 0.579872930577686 0.028906770880847078 0.13470226400381796
5 0.471632164709086 0.6242421906031392 0.036982891294156064 0.18010567067154531
6 0.5509333244482022 0.5569086925923216 0.024019282981095458 0.1002727200031817
5 0.4114440984523073 0.6194734219446388 0.040071529857837615 0.17389203333863607
4 0.3006065924021831 0.6379517966263655 0.04956470452587265 0.19431362133990876
3 0.17601111338122605 0.7089375533100011 0.06834197560311148 0.19921929734245403
5 0.22553841470908592 0.6271057506365468 0.03833631303532483 0.1441863520050907