2 0.9321183936660387 0.42395843505860126 0.014307961850553141 0.014307961850553141
7 0.9331996525944923 0.44115957182807647 0.014389782467404189 0.01899546185055314
1 0.7628559249156268 0.4811418693130142 0.02880683847375849 0.03955342370110611
5 0.7805282146866316 0.7329361943940921 0.06558190990138843 0.1776534415580137
4 0.748606058842433 0.7386270868456102 0.07522964529089186 0.19344208279171546
4 0.692603700483172 0.5728560365212985 0.03335006249917605 0.12085797077900687
5 0.7055400771063776 0.5980742248329013 0.034858015421275465 0.11776024431795715
5 0.5748628214243346 0.6285957475610727 0.06681712743398442 0.15893071509696383
6 0.5622070884704632 0.5299673327884203 0.01929547077900686 0.03157728246740419
5 0.556525878648505 0.6071883518631438 0.038664853895033956 0.1568772913958579
4 0.528482699265356 0.6113849281620377 0.055879627433984426 0.15873980032431162
3 0.21068727312861796 0.6605086262161683 0.048394409901388435 0.17735343262955983
5 0.3830611051095547 0.6025984890396561 0.04911143019392794 0.12894320616851013
4 0.25292359171687406 0.5745535353067778 0.04340690097293472 0.16008411201270895
4 0.3892292844927037 0.5980200831954574 0.04178985389503396 0.1569318384737585
0 0.27578043911908634 0.6311853648520825 0.0128272824674041 0.018968188311602675
6 0.1059315892812421 0.6547750491064955 0.06593646590774283 0.19796594155801356
6 0.9843697532447632 0.6944033486134377 0.031260493510473705 0.1928420649348082