2 0.9131419120768072 0.38420592934341713 0.01414431323171641 0.014144313231716587
7 0.914804406026683 0.40140251970249674 0.012609084308955687 0.018822722872636886
1 0.7471538185944697 0.4551128061014379 0.02678975897699054 0.039217036104353474
5 0.7798582760472085 0.7052946132830302 0.05726812021691714 0.17532725292686635
4 0.7494395230221464 0.7137111012809777 0.06673402380771343 0.19100679508134383
4 0.6828782160369459 0.5523918061996337 0.027262457649130666 0.12046703610435347
5 0.6970816166026799 0.5766923694313503 0.030360186571891747 0.11579771682251269
5 0.5691975111182898 0.6173532099868216 0.06028403590796181 0.1565954336450254
6 0.5498793636758137 0.5195878756778662 0.01736930718159222 0.03134999394987581
5 0.5487713816297946 0.5977037853187867 0.032149945548882286 0.15486930718159223
4 0.5222497882456528 0.604580499214433 0.047784035907961805 0.1565227107723885
3 0.20785146584055408 0.67931129185989 0.04008062021691714 0.17522725897699054
5 0.37695546896381205 0.6068600958200288 0.042923819085449025 0.12680793969514959
4 0.24482877019347607 0.5896857104778009 0.03685562626704133 0.15802157825883115
4 0.3816156978865732 0.6021998668972675 0.03527494554888211 0.15488748789975162
0 0.27092818276126274 0.6445232014026147 0.012609084308955331 0.018822722872636886
6 0.10318214655871331 0.6818272378015557 0.05738629488495221 0.19563975292686636
6 0.9836266080184728 0.6494632906815397 0.032746783963054325 0.19083407825883114