2 0.06484375 0.3956897499018041 0.0140625 0.0157068132317165
7 0.06328125 0.41286815954272454 0.0140625 0.01883181323171641
6 0.440625 0.5799072312604523 0.021875 0.10012726502711473
4 0.24453125 0.6045476411959602 0.0328125 0.1548783975406721
5 0.20234375 0.7113334515008105 0.046875 0.2143352107723885
4 0.20390625 0.7214987918598901 0.053125 0.22687157220870696
5 0.3953125 0.6210498608471433 0.028125 0.14860112646343318
3 0.75625 0.723149733794535 0.0453125 0.19088862041330898
5 0.47265625 0.6550935836215844 0.0515625 0.18623748184962743
5 0.64140625 0.6412315924021831 0.0453125 0.172138620413309
4 0.63828125 0.6662134116840239 0.0484375 0.19715680113146802
5 0.784375 0.6428446102579681 0.0375 0.15178066861791084
1 0.2375 0.4732567345801019 0.028125 0.039226126463433174