2 0.06999353125288336 0.4201937739895005 0.014335235389503386 0.015788632001908987
7 0.07050204586337998 0.43580968332272774 0.014389782467404078 0.018913632001909163
1 0.24103668831489805 0.46585007729950156 0.02883411201270878 0.040952264003817976
5 0.3558104801177929 0.6027677272835932 0.05135576866768634 0.16775112133990877
4 0.38713834659472857 0.553194441279457 0.048702327109672795 0.1052329400063634
5 0.31873321997152315 0.578985329288684 0.05360801542127547 0.11778748400699968
6 0.4413036952147569 0.5377234352721392 0.034558006492821744 0.10038180800445425
4 0.41743377273146676 0.6075183146085481 0.06092168344033873 0.1787977093411815
5 0.47524627273146675 0.6068456052673668 0.06977848620028233 0.14921929734245404
3 0.7686962638030129 0.620615014560823 0.057687589284537565 0.17251134667409057
5 0.5643905933483178 0.6011217692552764 0.04922052434972919 0.1349204400063634
4 0.5674883198093674 0.6026479065881855 0.06382849512873605 0.16633407200827222
4 0.47075937013367897 0.5506592399347758 0.046177344966580235 0.13957157733927233
6 0.7177240990303606 0.63214340790105 0.0642648717519414 0.1913340720082722
6 0.021325980521534723 0.6957392139958638 0.042651961043069446 0.19271475867281787
5 0.42526959213050175 0.5613427486075937 0.05983074188232518 0.11629770934118148
4 0.6459133287378211 0.5845513399109132 0.07166826866768634 0.16798747867599956
0 0.6270815081209701 0.5894570159134586 0.011319329545304768 0.02200226933481808