2 0.9171875 0.42044520922026435 0.015625 0.015715903590796287
7 0.91640625 0.43841850439980423 0.0140625 0.018831813231716586
1 0.7421875 0.4706820794371816 0.0296875 0.040797716822512695
5 0.7375 0.7222718505144204 0.0734375 0.18011474687674217
4 0.70625 0.7263599076960128 0.084375 0.19580337939029918
4 0.6640625 0.5586365973911624 0.0390625 0.12210225897699054
5 0.67421875 0.5843587600571449 0.040625 0.11898634933607007
5 0.54140625 0.6085689405789124 0.075 0.1613738372358217
6 0.53671875 0.5093774616561513 0.0203125 0.03293067466803503
5 0.52421875 0.5867939345287883 0.046875 0.1565227107723885
4 0.49765625 0.5892922206331418 0.0625 0.16130111436318478
3 0.175 0.6239818797830828 0.0578125 0.17846134328594587
5 0.353125 0.5729455788480065 0.0546875 0.13000566256778665
4 0.22421875 0.5393205334720749 0.0515625 0.16123748184962744
4 0.3578125 0.5697933077707675 0.05 0.15810339149054792
0 0.2421875 0.5978097443426592 0.0140625 0.020394313231716588
6 0.0703125 0.6128721838414173 0.0765625 0.1988829275949012
6 0.95234375 0.6936781761409729 0.0578125 0.19408634328594587