2 0.10969420432948085 0.3240647347764936 0.0157159035907962 0.01571590359079611
7 0.10588794827935666 0.34122950887879455 0.014171584308955421 0.018831813231716586
1 0.26880155961747926 0.41326865622307485 0.029923849336070063 0.040797716822512695
5 0.20930033635205886 0.6597891322189697 0.07286584913967831 0.17073065651766228
4 0.23747987850653657 0.6693277586824029 0.08553856596219109 0.20049087939029936
4 0.32487936367581366 0.5182788639704012 0.039771548008210186 0.12210225897699054
5 0.3086049238824681 0.5408396652000652 0.04131586729005097 0.11898634933607007
5 0.43158842680933435 0.5978032583878152 0.07437380698520055 0.161364746876742
6 0.4584185715213359 0.5096810896717086 0.025281801131468207 0.048582945745273776
5 0.4541310473208391 0.5784038185944697 0.05403403590796181 0.15655907220870696
4 0.48387308947531676 0.5879515354169824 0.05876698770335977 0.16439884328594587
3 0.7860810049699697 0.7006434747193486 0.05884880093507636 0.17846134328594587
5 0.6253975141433519 0.6090867129136879 0.05544199980360833 0.13000566256778665
4 0.7636923996819712 0.6122349596922341 0.05406130698520073 0.16124657220870695
4 0.6292719478865733 0.6036406888113869 0.06656130698520073 0.16131929508134402
0 0.7380293243500063 0.6323974687674203 0.01418067466803503 0.020394313231716588
6 0.9064616826630669 0.7130621823684792 0.08086015632127044 0.20202610831306042
6 0.020569113577617794 0.5813499939498759 0.0355022045258726 0.19394998789975162