2 0.946875 0.4071116381285395 0.0140625 0.014226132001908986
7 0.94765625 0.42430822879531227 0.0140625 0.018913632001908987
1 0.775 0.4738616914385406 0.0265625 0.03937158267027261
5 0.8234375 0.7369253127784494 0.05625 0.17565452800763595
4 0.7859375 0.7419577107733588 0.0546875 0.2021988466740904
4 0.73984375 0.5859526114337681 0.021875 0.13462953866963617
5 0.6765625 0.6024037674251776 0.0265625 0.13624658267027262
5 0.484375 0.6337612133990879 0.034375 0.18008748933799978
6 0.56875 0.5722430054105418 0.021875 0.10025453866963616
5 0.425 0.6244765727243611 0.0359375 0.17385567067154534
4 0.3140625 0.6294356980426344 0.0453125 0.19427725867281787
3 0.178125 0.6942601720241808 0.0640625 0.2007454346753633
5 0.23671875 0.6152544720321348 0.0359375 0.14416817067154533