2 0.07413537412574207 0.4167420724050988 0.015715903590796176 0.015715903590796287
7 0.07403538017586628 0.4339295724050988 0.01573408430895542 0.018840903590796286
1 0.24805868745565451 0.46650974736772144 0.029932939695149763 0.042360216822512696
5 0.2246565071302787 0.7291370123948361 0.07289312021691714 0.17541815651766246
4 0.2621565071302787 0.7289188437769252 0.06676129488495217 0.195694295081344
4 0.3115666755517978 0.561449542645457 0.03510222872636941 0.12519998789975162
5 0.31849338642238223 0.5793773860295988 0.03820904800821019 0.12209316861791084
5 0.5386558954975685 0.6038768953993726 0.05417039129415606 0.17999657220870696
6 0.4616757598607532 0.5418268681738138 0.03184087334017516 0.1017443071815924
5 0.5512831605246832 0.5819291725267357 0.046294258780598695 0.16901362041330897
4 0.6591911092950191 0.5648956877502421 0.055669258780598696 0.16906816256778665
3 0.8744570401113743 0.6253599681972549 0.07461924668035032 0.20355224687674217
5 0.7552939496540987 0.5627741306668457 0.04770222267624522 0.14246021077238852