2 0.9241944614597596 0.3908580414024484 0.012572722872636888 0.012718188311602674
7 0.9256569675098838 0.4080182678634981 0.01259999394987581 0.017405688311602673
1 0.758155850121637 0.4648427865311845 0.02521816861791084 0.03793637662320535
5 0.791884913746137 0.7095416319048018 0.06037493949875809 0.17291139448011278
4 0.7872292300029157 0.7041547025216528 0.04660333098930565 0.22266593262955983
4 0.7441655521134267 0.5869496116122622 0.02581813231716552 0.14106137662320534
5 0.61518203406125 0.6024809285756654 0.02738063231716552 0.14108865016215583
5 0.5142053413410382 0.6378338218379623 0.02603630093507654 0.17856137662320534
6 0.559926907499621 0.5667303892084025 0.019313602262936234 0.09720228246740419
5 0.37915817564999366 0.6214429829571667 0.022838578062439475 0.16600682954530477
4 0.3548030702637994 0.645303222810897 0.032340843089554115 0.18804547077900685
3 0.2287263835937118 0.6982799926963994 0.04474084913967839 0.17107615909060953
5 0.2324104406771083 0.6021316956184987 0.027135192622015934 0.09890115016215581