2 0.09123034090609519 0.4375 0.015897735389503388 0.015625
7 0.0915439866040241 0.45546875 0.015979556006354433 0.0203125
1 0.26859741030513024 0.48359375 0.031986385551659245 0.0421875
5 0.27932027069298593 0.73984375 0.07802736282348768 0.1734375
4 0.30981629423193635 0.74140625 0.09260806006354425 0.203125
4 0.3521559784863493 0.57109375 0.044369383116027186 0.125
5 0.3424497418790299 0.596875 0.045850062499176225 0.1203125
5 0.47800145819380974 0.61953125 0.07939894805083547 0.1625
6 0.4795036826262645 0.5265625 0.025845479707460584 0.0484375
5 0.49398496834007954 0.5953125 0.05903190097293472 0.159375
4 0.5252622418790299 0.596875 0.06382849512873605 0.165625
3 0.8499855523496113 0.62578125 0.06407395697928919 0.1796875
5 0.6679309829505762 0.5796875 0.06010347727182861 0.13125
4 0.8032548283241935 0.54453125 0.05911372158978558 0.1640625
4 0.6709196152558243 0.571875 0.07161372158978559 0.1640625
0 0.7841872284863494 0.57109375 0.0144170560063543 0.0203125
6 0.9637660397710046 0.60546875 0.07246792045799069 0.2046875
6 0.061750941147681225 0.71796875 0.06590919236879249 0.1953125