2 0.09952147871577047 0.3606096886537279 0.01424431333545444 0.015788632001908987
7 0.09737772338477035 0.37782446065404607 0.014280676002545345 0.018913632001908987
1 0.2629578173933608 0.43918757996500163 0.028597714672181595 0.040952264003817976
5 0.2197912620941775 0.6912864293045923 0.06448176535645347 0.17103975334181776
4 0.24800716876190468 0.6987716653007743 0.07887152936027153 0.19932838534372693
4 0.3258765354073602 0.5415944172899565 0.035793144016544695 0.12227498933799978
5 0.3112964147437692 0.5644233899586382 0.037319281349453795 0.11916817067154532
5 0.43844071741722335 0.6129507019414573 0.0674794960216353 0.16013861600890866
6 0.4600515407383604 0.5228433226050482 0.022438621339908947 0.04869203866963616
5 0.4592981100811325 0.5923927539385938 0.04713063335454457 0.15677725867281786
4 0.4906390167488599 0.5998416272676849 0.05190904002227157 0.16464430267345415
3 0.8003509187619047 0.6923445638924595 0.05051017202418073 0.17868862133990876
5 0.6329810580839961 0.6114683759150493 0.05150905068427196 0.13026930267345413
4 0.771979923416587 0.6043814872295048 0.04718517735518084 0.16146475867281787
4 0.6368145827498143 0.6051729225811858 0.05968517735518084 0.16161020934118148
0 0.7480157120862232 0.6265382978994591 0.012718176002545434 0.018895450668363623
6 0.9215083034293137 0.6964042605426876 0.07265789202736243 0.2023806600095451
6 0.02135321475172336 0.626398867998091 0.03037948535963515 0.19407726400381797