2 0.90078125 0.3294593420093996 0.015625 0.01571590359079611
7 0.90546875 0.3466741130866385 0.015625 0.020403403590796197
1 0.74375 0.42385826092189804 0.03125 0.042369307181592396
5 0.83125 0.6696798210303566 0.075 0.1769988372358217
4 0.79609375 0.6804127879510652 0.0765625 0.2035704275949012
4 0.73046875 0.5362809928697213 0.0375 0.13303066861791085
5 0.66796875 0.5632611285065365 0.0421875 0.13462043969514975
5 0.48671875 0.6231441468533009 0.0546875 0.18000566256778666
6 0.5578125 0.5501202581914235 0.034375 0.10019998789975162
5 0.428125 0.6235845083878152 0.05625 0.17220225292686636
4 0.3203125 0.6518635236113216 0.0671875 0.1957033854404237
3 0.20390625 0.7324362918598901 0.0859375 0.20206246974937905
5 0.24453125 0.6467351411959601 0.0515625 0.14404998184962742