2 0.10066635538667937 0.39185059798695515 0.012663632001908986 0.014207950668363533
7 0.09930385005567925 0.4090562793205006 0.012718176002545345 0.018895450668363623
1 0.26787258406267894 0.45866428596436526 0.02543635200509069 0.037790901336727065
5 0.23411739143058644 0.7137790473026833 0.05505222135581711 0.16624316534054523
4 0.2614793227641319 0.7150233739656379 0.04912948535963517 0.1942954400063634
4 0.3369776674092692 0.5555296479551384 0.026381781349453792 0.11904090133672725
5 0.32318788741245086 0.5791307799570474 0.026345418682362974 0.11591590133672706
5 0.46273219275140515 0.6189188912715029 0.03619313335454457 0.15664998933799978
6 0.4694901754057694 0.5282029846037757 0.019295440006363407 0.04709317600254544
5 0.48125492608208714 0.5991694652689575 0.04089881468808994 0.15826703333863607
4 0.5172106074156326 0.6003137945974123 0.026890858688726205 0.16279090133672708
3 0.8243424020925867 0.6725315032225051 0.03793744668999892 0.17229317067154531
5 0.6547833327498143 0.6049638372454131 0.029543144016544787 0.12220226400381798
4 0.8006407254137237 0.5829513825589141 0.03608404535327168 0.1472749893379998
4 0.6797287887491781 0.599985435908686 0.04100790268936265 0.16764203333863606
0 0.7885947114099056 0.5549627425605049 0.012718176002545434 0.018895450668363623
6 0.9609429734245414 0.6607843865372788 0.052218122692544 0.19120680267345413
6 0.03199127009067765 0.6676869393300456 0.039827210693816936 0.2004363520050907