2 0.09609375 0.4308056520130449 0.0140625 0.015788632001908987
7 0.096875 0.4472209926798175 0.0140625 0.018913632001908987
1 0.2640625 0.4811976453691802 0.028125 0.040952264003817976
5 0.24296875 0.7356396973663166 0.06875 0.16954997867599958
4 0.28046875 0.7352947993714073 0.0640625 0.1898079346753633
4 0.3265625 0.5748936487109979 0.0328125 0.12225680800445424
5 0.33359375 0.5921629647119524 0.0375 0.11918635200509069
5 0.54765625 0.6196538074076784 0.0515625 0.17403748400699967
6 0.47265625 0.5578436033974971 0.0296875 0.09722044533736351
5 0.559375 0.5986964174092693 0.04375 0.16300907733927233
4 0.6640625 0.583508316756814 0.053125 0.1646806653405452
3 0.8734375 0.6461008654519036 0.071875 0.1977113413430903
5 0.75703125 0.583027606102768 0.0453125 0.13802725867281787
6 0.03203125 0.7238102173376817 0.04375 0.21457157733927232