2 0.9223469638824433 0.37578125 0.014307961850553141 0.0140625
7 0.9228282049539895 0.39296875 0.014389782467404189 0.01875
1 0.7484906781686282 0.44453125 0.02724433847375849 0.0390625
5 0.7923462236249712 0.70703125 0.05930463636243814 0.175
4 0.7547507662386449 0.7125 0.05820578652459396 0.2015625
4 0.7129332333642038 0.55703125 0.02422052434972919 0.134375
5 0.6477894744357501 0.57421875 0.028935297888679656 0.1359375
5 0.45659173011779297 0.60703125 0.03751145697928919 0.1796875
6 0.5404951716758065 0.54453125 0.023620506492821748 0.1
5 0.39735309781254463 0.59921875 0.03896486282348777 0.1734375
4 0.28553889042621844 0.6046875 0.048694418829842157 0.19375
3 0.14844226502082897 0.67109375 0.0675535129856435 0.2
5 0.20919457873782116 0.5921875 0.03844666558343128 0.14375