5 0.8163486360995863 0.7288940343558377 0.05365335335772627 0.17998748184962743
4 0.8170480700986318 0.7218582391762978 0.05258174936345341 0.22216589149054772
4 0.776640151416269 0.6064604981532883 0.026763589353908122 0.15170794574527396
4 0.3875054734245412 0.6696660427436528 0.05383516669318063 0.19561248184962743
5 0.24737991275458687 0.6462608798812787 0.03612040802036267 0.1501999878997516
3 0.27015488876508637 0.723477364854164 0.04751244135899881 0.18932612041330898
5 0.38644241275458685 0.6454518379231927 0.04567722135581711 0.16587953005422928
5 0.5514407040897231 0.6577740550402931 0.053689716024817 0.18311248184962742
6 0.5818270907463144 0.5833734978587006 0.021457924013363085 0.09855567466803503
5 0.6315458274188142 0.6260559015476928 0.03768290802036276 0.15020907825883115
7 0.950257822724361 0.4195003327568313 0.012699994668999893 0.01726022287263689
2 0.9485044187221338 0.4031031731159109 0.014244313335454705 0.015706813231716587
1 0.7814174633990879 0.4798616367169698 0.027017033338636053 0.039217036104353474