2 0.06747204738222504 0.36015625 0.014226132001908986 0.0140625
7 0.06610954205122492 0.37734375 0.012718176002545345 0.01875
1 0.23857543539145185 0.428125 0.025454533338636055 0.0390625
5 0.34662538741245086 0.5828125 0.034776084022908015 0.16875
4 0.38201744740608756 0.5359375 0.03869996801399935 0.103125
5 0.31035153274186017 0.55390625 0.04355110001590834 0.1171875
6 0.43972085940481487 0.5265625 0.024601105346908625 0.1
4 0.40849867874758716 0.59609375 0.04273403469127164 0.18125
5 0.46871856341499624 0.6015625 0.054834045353271854 0.146875
3 0.7693003660884504 0.6515625 0.03953630935708983 0.175
5 0.5601793574156326 0.60625 0.03593859468490823 0.134375
4 0.5633316294159508 0.60859375 0.04882040268936265 0.1671875
4 0.46881801340704204 0.54296875 0.031323820019090044 0.140625
6 0.7154577507558596 0.65703125 0.04600448535963508 0.19375
5 0.42123448874122377 0.54921875 0.04822041868236297 0.115625
4 0.6460259507479054 0.5984375 0.05508858402290802 0.16875
0 0.625758904081769 0.60234375 0.009611357336090798 0.0203125