2 0.893089665380316 0.3357485712126419 0.014244313335454705 0.015788632001908987
7 0.8964146600493159 0.352899708545551 0.014280676002545078 0.018913632001908987
1 0.7370402073917701 0.4219507952339591 0.028597714672181595 0.040952264003817976
5 0.7914389954248595 0.6651008112269594 0.0723669906906352 0.1773806600095451
4 0.7626509240929048 0.6755934158975501 0.08190562269254435 0.19155224801081766
4 0.684315744072224 0.5241405512412769 0.038899962682999244 0.1207488520050907
5 0.6994322140754056 0.5474053285725953 0.04040791868236297 0.11607953333863605
5 0.5781481074156326 0.5996047225891399 0.07214881468808994 0.15863066000954512
6 0.5504947274029058 0.5061638052594125 0.01911362667090888 0.031468176002545256
5 0.5560731127466327 0.5826717612587762 0.04554995202099903 0.15519657733927233
4 0.5304009507479053 0.592346753262276 0.06277381468808993 0.15852157200827222
3 0.230029328095132 0.6981995006365468 0.055143128023544374 0.17405566534054523
5 0.3883952640833598 0.6096262546149115 0.053053369350726506 0.12872498400699967
4 0.2578719700827235 0.6064568959659561 0.05027381468808993 0.15837612133990878
4 0.39301912941595074 0.6041029606142752 0.04867495202099903 0.1552329400063634
0 0.28894070408972317 0.6576648599618199 0.014298857336090797 0.020476132001908988
6 0.12782193809672282 0.7111091279837735 0.07414766669318062 0.19614884134309046
6 0.9810612853675893 0.5886184852005515 0.037877429264821315 0.19113407733927232