2 0.10536601595322943 0.3432585566518188 0.01424431333545444 0.015788632001908987
7 0.10204102128422954 0.36048241931890973 0.014280676002545345 0.018913632001908987
1 0.2637501332750027 0.4265603106301835 0.030160214672181596 0.04097044533736351
5 0.23272521057450427 0.6761063246340016 0.0974033533577261 0.18079656134627217
4 0.3086246392425497 0.6650682799570473 0.08635676535645356 0.1712942920114539
4 0.31644732459423064 0.5298393046228658 0.0404806440165447 0.12232953333863605
5 0.3021393765913671 0.5510966866247747 0.04042610001590834 0.11764203333863606
5 0.40484620591982184 0.5858342186107753 0.04093517735518084 0.16139203333863605
6 0.44915073659295796 0.5376688912715029 0.026109061346272177 0.09560340133672707
5 0.4267302965865946 0.5847984299411391 0.04709427068745349 0.15365225867281787
4 0.44928654925209466 0.5931285506047301 0.047221540022271566 0.16458975867281786
3 0.7605865812380953 0.6926172838956411 0.05516130935708983 0.17561816534054522
5 0.600639963916322 0.6093337112508219 0.049982913351362866 0.13337612133990878
4 0.7076803045830948 0.607307039902959 0.07512836401972649 0.14616702267663584
4 0.5696081399188674 0.5909473379217308 0.04863858935390812 0.1521079400063634
0 0.6992683679185492 0.5917820372374589 0.014298857336090797 0.020476132001908988
6 0.8300451059039136 0.6980582145528689 0.08824652936027136 0.19943747334499945
6 0.019710873965637945 0.606767620663591 0.03942174793127589 0.20208975867281787