2 0.05703125 0.4610551313255913 0.0140625 0.015788632001908987
7 0.05703125 0.4782426313255913 0.015625 0.020494313335454352
6 0.44140625 0.5878325232734118 0.0296875 0.09878294533736351
4 0.25546875 0.6384336019653197 0.04375 0.15207157733927232
5 0.228125 0.7473455253023651 0.0640625 0.2132454346753631
4 0.2296875 0.7574835939688196 0.0703125 0.2242556600095451
5 0.403125 0.6335904659452753 0.0390625 0.14732953333863605
3 0.7640625 0.6832968278962774 0.059375 0.18975339067472685
5 0.48125 0.656900149268003 0.065625 0.18513861600890866
5 0.64296875 0.6206433812460495 0.059375 0.17100339067472703
4 0.64296875 0.6448621312460494 0.0640625 0.1960579346753633
5 0.78125 0.6026280832272776 0.0484375 0.15056362133990878
1 0.2328125 0.5129159813017287 0.03125 0.04098862667090906