2 0.11326580537872517 0.33373867486442677 0.015806813335454438 0.01571590359079611
7 0.11032261871417963 0.349381855582586 0.014280676002545345 0.018831813231716586
1 0.26973452872372466 0.41877168413600485 0.030160214672181596 0.040797716822512695
5 0.280319682089405 0.6570074823406067 0.06767949069063528 0.17694429508134385
4 0.34362820408972317 0.6589830727978822 0.09284312269254417 0.19115224082661797
4 0.32326006540417856 0.5200296571068377 0.04513178134945388 0.11900453005422928
5 0.3102515354073602 0.5435444251590144 0.04198860001590834 0.11742384933607006
5 0.4036020934118145 0.5758160487937771 0.042334045353271677 0.14711134933607006
6 0.45468278807286033 0.5341098169441497 0.027653380012726814 0.09390453610435348
5 0.4278753874124509 0.5803626482280431 0.054961314688089936 0.15812157220870696
4 0.4404844754137235 0.5896649253554062 0.07065904002227157 0.16446247579950324
3 0.7588992154280412 0.6932883324622436 0.056705628023544466 0.17375566256778666
5 0.5938458327498143 0.6090865701656035 0.059248825350089976 0.12377384328594587
4 0.6876140140833598 0.6101036486208264 0.045349957351999134 0.13775453005422927
4 0.5528844780792236 0.5804166695016736 0.05025563335454457 0.1565318011314682
0 0.6756134534134054 0.5859530763139237 0.014298857336090797 0.02039431323171641
6 0.7987975094286774 0.6977440283057135 0.06949652936027136 0.19882838544042372
6 0.027966294080178127 0.5905022801524252 0.044514710693816927 0.20024543969514957