5 0.208115086253863 0.7210648359723194 0.05259880093507645 0.17872498400699968
4 0.2072929296380047 0.7140426766390922 0.05128174063022613 0.22089430267345414
4 0.24647308342519264 0.5995165526336834 0.025872674471643365 0.15029090133672723
4 0.6335418122497579 0.6551729225811858 0.052689704525872474 0.19434998400699968
5 0.7724634116840239 0.6293360338956411 0.035238584112563844 0.14883748933799978
3 0.7510429296380047 0.7077155725652775 0.04641243344863373 0.18958975867281785
5 0.6341867068635636 0.6317263319144131 0.044704487703359774 0.1645715773392725
5 0.47097817973620054 0.646126281269912 0.052616981653235584 0.18184998400699967
6 0.4393054780389984 0.5738336579408209 0.020885192622015936 0.0986738573360908
5 0.39032762255460823 0.6158126199475025 0.036801084112563665 0.14885567067154531
7 0.06961462587425793 0.4164057026575459 0.01259999394987581 0.01733295066836362
2 0.07108167710392195 0.3999812713240004 0.014153403590796176 0.015788632001908987
1 0.2379242643397436 0.47304495930141055 0.02678975897699045 0.03937158267027261