2 0.06015625 0.42370628124958803 0.0140625 0.01587046185055314
7 0.06015625 0.440893781249588 0.0140625 0.01899546185055314
1 0.234375 0.47830978084255094 0.0296875 0.0411431972400564
5 0.22421875 0.7382887528393738 0.071875 0.1731295827917158
4 0.2515625 0.7379847897710048 0.06875 0.20120003571381506
4 0.3125 0.571079707790068 0.0375 0.1209670649348082
5 0.3015625 0.5951075430174156 0.0375 0.1194045649348082
5 0.4453125 0.6249604586008469 0.05 0.16181025324641088
6 0.44375 0.5335269350618965 0.0234375 0.04884660308425524
5 0.46328125 0.6041803542987758 0.05625 0.16348184740221222
4 0.49921875 0.6024638956946337 0.0421875 0.16636138555165908
3 0.81484375 0.6517231505626023 0.0546875 0.17751707386326174
5 0.6375 0.5970651038917387 0.040625 0.12727161201270895
4 0.78203125 0.5636504062446452 0.0484375 0.15397047970746058
4 0.6625 0.5896889805149442 0.0578125 0.17288412094116268
0 0.76796875 0.536061194394092 0.015625 0.019022735389503255
6 0.95078125 0.6290959484512819 0.071875 0.19969208279171563
6 0.0265625 0.7067136501621558 0.0359375 0.2021897913958579