2 0.9353796852721391 0.4617264127943578 0.014244313335454705 0.015788632001909164
7 0.935188781269912 0.4781326627943578 0.01429885733609062 0.020476132001909165
6 0.55252972792014 0.5947901674092693 0.027707924013363083 0.09874658267027243
4 0.7387394005808676 0.64071283676795 0.043951089353908124 0.15205339600572715
5 0.7671723885662318 0.7488707821053133 0.06339198002863497 0.2116465720082724
4 0.7647013692314137 0.7597810101049951 0.06976924936345323 0.22265679734245403
5 0.5918644005808675 0.6390037914146781 0.037628364019726315 0.14573067067154533
3 0.2325797599061407 0.6942061753659985 0.05843176002545336 0.18815452800763593
5 0.5142297492441404 0.6631038154041786 0.06304653469127146 0.18195907200827238
5 0.35287462591504937 0.629972047382225 0.058213584022908015 0.16940452800763595
4 0.35337406524509496 0.6541998880489978 0.06319198535963517 0.1944590720082724
5 0.21552916725018564 0.6150908400302258 0.04860222668681722 0.14898294000636342
1 0.7604973165977305 0.5167304441040407 0.03170453333863606 0.039426126670908876