2 0.8989094638824433 0.3652451672104148 0.012745461850553141 0.014207950668363622
7 0.8993907049539895 0.382423576543642 0.012827282467404189 0.018895450668363532
1 0.7320980649381035 0.4351411385662319 0.02565456493480802 0.037790901336727245
5 0.776089978089198 0.689265017226323 0.056043268667686344 0.16780566534054522
4 0.7393166810112973 0.692817278564641 0.048612598212991284 0.18958975867281785
4 0.6772275584452817 0.5357593039067771 0.024002336038126515 0.12212953866963616
5 0.6722127759778775 0.5545638479074133 0.027072788960225934 0.11904090133672707
5 0.4580996830398922 0.6047018499363666 0.037429636362438144 0.17539998933799977
6 0.5280633555231823 0.5343706212603669 0.022003459414921166 0.0971113573360908
5 0.4443917390462467 0.5845529819382755 0.030961448050835293 0.16282726400381797
4 0.33667469643257286 0.5803387439529113 0.04036372158978576 0.16449885200509068
3 0.13054169886820483 0.6655329986473646 0.056506918829842157 0.1943681653405452
5 0.242774691968346 0.5900233739656379 0.03521257142762994 0.13788180800445424
6 0.9828854488682047 0.6556150811983243 0.014701248375146747 0.2157522693348181