2 0.09281749271958847 0.39087099534531766 0.014226132001908986 0.014226132001908986
7 0.09145498738858837 0.4080403140117722 0.012718176002545345 0.018895450668363623
1 0.26307599606140625 0.45534367003499837 0.027017033338636053 0.03937158267027261
5 0.3111520587603139 0.6933709287078162 0.05361699069063528 0.1771624840069997
4 0.3743424020925866 0.6862947727164068 0.07876244135899882 0.1899533853437269
4 0.33213562607413294 0.5498845580442253 0.035756781349453794 0.11914998933799978
5 0.3230515274108601 0.5747754700429526 0.03261360001590834 0.11755112667090888
5 0.4217072034134054 0.5946708940563156 0.029834045353271676 0.14720226400381797
6 0.46644699140672385 0.5459794027291334 0.019859061346272 0.09553067600254543
5 0.44671629408017816 0.5957430453930427 0.04246131468808993 0.1582852146721816
4 0.46007936008113265 0.602928836728179 0.05815904002227175 0.16471702800763593
3 0.795881047421996 0.662297482773677 0.04264312802354446 0.1739102146721816
5 0.617065156747269 0.6008498107494962 0.049855644016544784 0.12243862133990877
4 0.7114418654121327 0.5886685314289956 0.03441245735199914 0.13788180800445424
4 0.5722793680776327 0.5784566427434511 0.03775563335454457 0.15666817067154531
0 0.6955623267424965 0.5666117180935413 0.012736357336090798 0.020457950668363624
6 0.8372691160884503 0.6612167881126312 0.053871529360271356 0.19903748400699967
6 0.03896797609004131 0.6636448766709089 0.04765789202736237 0.20208975867281787