2 0.93160979527373 0.4390625 0.01580681333545435 0.015625
7 0.9313916192711847 0.4578125 0.014280676002545078 0.01875
1 0.7535751545990031 0.4984375 0.030160214672181596 0.040625
5 0.7802718252307774 0.75546875 0.07245789735836236 0.184375
4 0.7475320505649592 0.74921875 0.0651362933640895 0.2265625
4 0.7194172359166402 0.6140625 0.04540450135263541 0.1421875
5 0.6146115572485948 0.62421875 0.04540450135263541 0.1421875
5 0.47214224657864035 0.6484375 0.047494260025453275 0.1875
6 0.5393212032543218 0.58203125 0.02928860534690845 0.1
5 0.3614865572485948 0.62421875 0.05672380935708983 0.175
4 0.29881383457991306 0.6390625 0.06168402936027153 0.1984375
3 0.15996896324000429 0.6875 0.08824652936027148 0.1984375
5 0.20336552192077634 0.58359375 0.037155649347544804 0.1046875