2 0.08820241930528187 0.4174607673456358 0.014153403590796176 0.015788632001908987
7 0.0881069705349459 0.4338670173456358 0.014171584308955421 0.018913632001908987
1 0.25583937119887584 0.47644651070177113 0.028352258976990452 0.039389764003817974
5 0.22468377820751756 0.7284448153644076 0.0634817587805987 0.16947725334181776
4 0.25905877820751755 0.7288448047024075 0.062019252730474504 0.1866465720082724
4 0.3029274737563997 0.5746572913749072 0.031949957649130487 0.12067612667090888
5 0.34190816052468315 0.5891743247135433 0.038263590162687856 0.13168635200509068
5 0.5417854406771083 0.6125952854073603 0.04320562021691714 0.17549089600572715
6 0.4608354225267357 0.5600873560629971 0.027126102262936234 0.0971840826702726
5 0.5886468051384889 0.6154844754137236 0.046294258780598695 0.16927725867281787
4 0.7121706635497453 0.6020770507638138 0.05574198165323559 0.1818863466740906
3 0.8547757991865605 0.6662406427832219 0.06989538524403187 0.19767497867599956
5 0.7739303201656036 0.5957639634388588 0.04302381303532492 0.14424089600572715