2 0.9440188886060028 0.4413526068591322 0.01580681333545435 0.015715903590796287
7 0.943037643937003 0.45854465203867206 0.014280676002545433 0.018831813231716586
1 0.7652939045990031 0.49395140779420865 0.030160214672181596 0.040797716822512695
5 0.7826155752307775 0.7508644831261737 0.078689716024817 0.1832579275949012
4 0.7506752318985047 0.7432383354873059 0.07293061203054414 0.22540906615858275
4 0.7280291672501857 0.6082229860530399 0.050092001352635404 0.14246930113146802
5 0.6224876919160038 0.615086585290914 0.050092001352635404 0.14246930113146802
5 0.48008201591345845 0.6346638079671593 0.05374426002545327 0.18779998184962743
6 0.5487962005888217 0.570205877347196 0.032413605346908445 0.10018180718159223
5 0.37103427991727655 0.6071751331027325 0.06295562802354437 0.1737920240041051
4 0.30759848858214023 0.6208245426454571 0.06791584802672608 0.19725679508134383
3 0.16881725190964053 0.6645977894240032 0.09293402936027154 0.19896474082661797
5 0.21531153859009441 0.5627716690106943 0.04028064934754481 0.10491475897699054