2 0.9254032733927247 0.4375 0.015806813335454705 0.015625
7 0.9248220180617246 0.4546875 0.015861357336090974 0.0203125
1 0.7485958727323151 0.48359375 0.03174089600572714 0.0421875
5 0.7516594274347226 0.746875 0.08016130935708983 0.175
4 0.7235071554344044 0.74453125 0.07736357336090798 0.203125
4 0.6660384587444055 0.57265625 0.043605644016544785 0.121875
5 0.6780572007479053 0.5984375 0.04358746268299925 0.1203125
5 0.5314458300843142 0.62109375 0.05815904002227157 0.1640625
6 0.5350515407383604 0.528125 0.027126121339908948 0.0484375
5 0.5147759507479053 0.5984375 0.0644272213558171 0.165625
4 0.47801174741404173 0.59453125 0.05038290268936265 0.1671875
3 0.1580810554184961 0.62734375 0.06302835335772614 0.1796875
5 0.3372412967456782 0.58203125 0.04680336935072642 0.128125
4 0.19300949140672388 0.540625 0.05648745202099903 0.1546875
4 0.3136947087444055 0.57265625 0.06453630935708983 0.175
0 0.20831631806967862 0.51328125 0.015861357336090797 0.0203125
6 0.03353504141467807 0.59921875 0.055470392027362384 0.2015625
6 0.9623605700986317 0.7265625 0.06804311736154389 0.2078125