2 0.05915981391908761 0.4405619126750451 0.014153403590796176 0.015788632001908987
7 0.059059819969211814 0.4577494126750451 0.01418067466803503 0.020476132001908988
6 0.4473632749860637 0.5927453147278609 0.027153373340175157 0.10187158267027244
4 0.254930335290914 0.6326965107017711 0.04152494554888211 0.1551602146721816
5 0.2222627601553408 0.7416987933640895 0.05906696955298729 0.21629770934118148
4 0.22376162764178348 0.7526544746976349 0.06538969242562417 0.2288704346753633
5 0.4057024949318344 0.6360135093889066 0.036801084112563665 0.14885567067154531
3 0.7717087691323312 0.7090270321053134 0.05580561416679295 0.19282384667409058
5 0.4844451184684013 0.6650566667329516 0.062019252730474504 0.18664657200827223
5 0.6502382901113742 0.6380776380887687 0.055696529857837615 0.1740738466740906
4 0.6493115943661003 0.663068547421996 0.05896697560311139 0.19911020934118148
5 0.7924985129840112 0.6272321394414041 0.046194264830722885 0.15208975867281788
1 0.2361490399149825 0.5035629940324531 0.031486349336070064 0.04098862667090888