2 0.05477996623333755 0.41875 0.014144313231716565 0.0140625
7 0.054884505362753154 0.43671875 0.014171584308955421 0.01875
1 0.22936687577606207 0.48203125 0.028352258976990452 0.0390625
5 0.20740655912649997 0.7359375 0.07135789129415607 0.1796875
4 0.2128434928697213 0.73046875 0.06071128278470379 0.2296875
4 0.25040205932289167 0.60625 0.03365790339440444 0.1453125
5 0.38325546593875 0.61328125 0.035211313035324834 0.14375
5 0.4888923875817229 0.6421875 0.0370192527304745 0.1859375
6 0.4384833214231401 0.571875 0.024019282981095458 0.1
5 0.6262378514773694 0.615625 0.032240849139678396 0.1703125
4 0.6521509116840238 0.63828125 0.04331470452587247 0.19375
3 0.7836690772768725 0.684375 0.05571471057599684 0.1765625
5 0.7745026346548567 0.5859375 0.03340337334017498 0.1015625