2 0.9012231741770556 0.3340678925445965 0.014153403590795931 0.015788632001908987
7 0.9044481681269314 0.35121902987750564 0.014171584308955687 0.018913632001908987
1 0.7399862132082754 0.41876216056655 0.029923849336070063 0.04097044533736351
5 0.7648827158405541 0.6692706905633684 0.09322380093507636 0.17919769867918128
4 0.6890287429679172 0.6576524852403225 0.08224084913967822 0.17125792934436318
4 0.6843361769075302 0.522541688574186 0.03821813836728971 0.12387385200509068
5 0.698521396755105 0.543471806572277 0.038181776930971266 0.11762385200509069
5 0.5940384298343965 0.5798462059198218 0.036873806985200555 0.16135567067154533
6 0.5500066287029283 0.5319177832590943 0.023992011903856535 0.0955852200031817
5 0.5729355894753169 0.5785291539226854 0.044640855189802583 0.1536340773392723
4 0.5503293364502546 0.5873865332590944 0.04314198770335977 0.16455339600572713
3 0.23449577907227068 0.6895057533020468 0.05101812021691714 0.17558180267345413
5 0.3965139900410509 0.6048023946133206 0.046085180521767466 0.13333975867281786
4 0.2894600141433519 0.6021415659611836 0.07272040339440444 0.1461488413430903
4 0.42843615573209554 0.585679677275639 0.046194264830722885 0.15208975867281788
0 0.29796740573209546 0.5871978186266837 0.01418067466803503 0.020476132001909165
6 0.1642105501495095 0.6950114133115919 0.08396697560311144 0.19940111067790856
6 0.9811646833504379 0.5979753038670061 0.03767063329912403 0.2035977146721816