2 0.9453061460454979 0.33515625 0.01580681333545435 0.015625
7 0.9486311407144978 0.35234375 0.015843176002545433 0.01875
1 0.7846782760582245 0.42890625 0.030178396005727137 0.0421875
5 0.8547656987587231 0.678125 0.08497607869190774 0.1859375
4 0.8484520640913139 0.67265625 0.07772720003181668 0.234375
4 0.7877225547421783 0.55625 0.04547722668681722 0.1484375
5 0.6568180000795418 0.5859375 0.047021545353271854 0.146875
5 0.5573725307526779 0.63359375 0.05218176002545327 0.1875
6 0.5939634640754056 0.55546875 0.03243178668045381 0.1015625
5 0.4159480994191324 0.63203125 0.04420562802354429 0.1734375
4 0.39516343208940496 0.65859375 0.06012152936027153 0.1984375
3 0.2725259107654045 0.72734375 0.06929653469127164 0.18125
5 0.2627685554184961 0.62734375 0.04028064934754481 0.1046875