2 0.07669450811437956 0.3660340661585828 0.014307961850553053 0.014144313231716587
7 0.07389679058178364 0.38476588544042356 0.014389782467404078 0.018831813231716586
1 0.24442352475347104 0.4427834394005621 0.02727161201270887 0.040779536104353475
5 0.23950774837185165 0.6981976472460845 0.08748418344033873 0.17861587939029935
4 0.31578387621287307 0.6822368248409856 0.07797281574558709 0.17074883723582168
4 0.31024516801576796 0.5439373941228264 0.034967109577076806 0.12362839754067192
5 0.29737302110002306 0.5672976260706497 0.03332278896022585 0.1189318071815924
5 0.4056900815706044 0.5968311108471432 0.03252394805083529 0.1626727168225127
6 0.44620994155471827 0.5462907553627531 0.02044095941492117 0.09698408430895533
5 0.42752417126217884 0.594614625874258 0.03863758035608367 0.15489657825883113
4 0.45108440218745544 0.6017822312604523 0.03726599512873605 0.1658249878997516
3 0.7783247865212986 0.6872713211285525 0.04526940990138843 0.17680793969514957
5 0.607470769882207 0.6105037671684139 0.041380750810778896 0.13303975897699036
4 0.7159145154179802 0.6025417971244474 0.06816143912238157 0.14569429508134385
4 0.5735770109537534 0.5931208244482022 0.04017280681713338 0.15334316861791084
0 0.705499166797952 0.5876389597904299 0.012854556006354479 0.020385222872636888
6 0.8494321732907737 0.688466182466675 0.07692851298564349 0.20042724687674215
6 0.018967377430689054 0.6391079517953981 0.019170560063544194 0.20321590359079628