2 0.9110724987854792 0.43984375 0.015897735389503252 0.015625
7 0.9107861266265008 0.45625 0.014389782467404189 0.01875
1 0.7399145190780188 0.48828125 0.030396612012708955 0.040625
5 0.7526564322291133 0.74296875 0.0748478157455871 0.1703125
4 0.7175410925375388 0.740625 0.07358532467404082 0.1875
4 0.6859207199715232 0.5828125 0.039627336038126515 0.121875
5 0.6466400316599205 0.5953125 0.0476307508107789 0.1328125
5 0.4433241168872681 0.60625 0.05308190990138843 0.1765625
6 0.5285309598252534 0.55859375 0.032968232953871454 0.0984375
5 0.3972303668872681 0.60625 0.057660315745587096 0.1703125
4 0.27417469643257286 0.584375 0.06728077759614007 0.184375
3 0.12633148579983577 0.63984375 0.08161601298564354 0.2
5 0.21342811120522526 0.5734375 0.05097393912238157 0.1453125