2 0.09609375 0.36752440201304487 0.0140625 0.014226132001908986
7 0.09453125 0.3839124706794994 0.0140625 0.018913632001908987
1 0.25703125 0.4459595793682256 0.0265625 0.03937158267027243
5 0.20859375 0.6953959580283169 0.0609375 0.16633407200827222
4 0.23515625 0.6988300406985894 0.05625 0.19440452800763594
4 0.3203125 0.5459146733768161 0.0296875 0.11753294533736351
5 0.3046875 0.5683891100413617 0.03125 0.11598862667090888
5 0.43984375 0.6183992953930427 0.0421875 0.15674089600572697
6 0.45234375 0.5294822460614063 0.021875 0.047129538669636165
5 0.46015625 0.5998856527291335 0.046875 0.1583579400063634
4 0.49453125 0.6041918920671332 0.0328125 0.16131930800445424
3 0.79375 0.6982986174410859 0.0453125 0.17240225867281786
5 0.63046875 0.619836168085587 0.034375 0.12383748933799979
4 0.77578125 0.6090270321053133 0.040625 0.1489102146721816
4 0.65546875 0.616220819422314 0.0484375 0.16775112133990894
0 0.76640625 0.5800116941040406 0.0140625 0.017351132001908985
6 0.92890625 0.6975275527927669 0.0609375 0.1928965720082722
6 0.0171875 0.6345749946689999 0.034375 0.2003999893379998