5 0.19033150410521663 0.7207432502945876 0.06357266237139489 0.18473861436318478
4 0.19036786554153506 0.7144932502945875 0.06381810206654456 0.2269261143631848
4 0.23712975693388696 0.5993813347017388 0.03527494554888211 0.15488748789975162
4 0.6288445582617468 0.6783496545727548 0.0636635659621911 0.20036361436318478
5 0.7719087570320828 0.6611116367169698 0.04307835518980241 0.15337043969514957
3 0.744891739078102 0.7393911728213233 0.05738629488495217 0.19563975292686636
5 0.6305388684684013 0.6556843142136752 0.054115849139678394 0.17062157220870694
5 0.46332864257070233 0.6605632326351942 0.06202834308955403 0.1878545240041051
6 0.43564907016560356 0.5841643590986274 0.02558178298109546 0.10014544574527377
5 0.3830689708295335 0.6250938861277946 0.044640855189802583 0.15337953005422927
7 0.06953423253699845 0.40192559348233753 0.014171584308955421 0.018831813231716586
2 0.07196888612779462 0.38628695794371815 0.015715903590796176 0.0157159035907962
1 0.23787971155795545 0.4704750847017388 0.029923849336070063 0.040797716822512695