2 0.09682202048806367 0.3948499706794994 0.012581813231716565 0.014207950668363622
7 0.09614076443793947 0.4120283800127266 0.01260908430895542 0.018895450668363623
1 0.2659856318261863 0.46790730470240743 0.02521816861791084 0.037790901336727245
5 0.2151372458947834 0.724329480028635 0.054115849139678304 0.1709306653405452
4 0.2518923573311018 0.7310067413669531 0.05114538524403187 0.19745680267345414
4 0.29866684250037895 0.5799987720400891 0.019513590162687854 0.13146817600254543
5 0.36048558645025475 0.5979044347151341 0.025772680521767555 0.13310340133672707
5 0.548975914709086 0.6360327854073603 0.03227721057599666 0.17692612667090907
6 0.4673623003459012 0.572587356062997 0.020885192622015936 0.0986738573360908
5 0.6075287580932277 0.6296833354153144 0.0337942587805987 0.16913180800445424
4 0.7169492098886258 0.6387685287634955 0.041734023807713426 0.1910977146721816
3 0.850157140508589 0.7082826921148583 0.06050220452587283 0.19444089067472686
5 0.7926622821955286 0.6279315734404496 0.03206813231716552 0.1409886266709089