2 0.9263429427791248 0.449283812539824 0.015897735389503252 0.01580681333545435
7 0.926042933850671 0.466471312539824 0.014389782467404189 0.018913632001908987
1 0.7512378027632389 0.502092281230141 0.030396612012708955 0.04097044533736351
5 0.7523564233006595 0.751247396562732 0.08438645697928919 0.1806329293443632
4 0.748559267456461 0.7450428498965957 0.0758296631477993 0.2273988413430903
4 0.7217939902640627 0.6227229545671864 0.044696665583431286 0.14424089600572715
5 0.5905985373419633 0.6211251865850038 0.04623189204448099 0.1426965773392725
5 0.48631045779665855 0.6442092452657759 0.05006600405718977 0.1833579400063634
6 0.5405809464325728 0.5779660799252306 0.032968232953871454 0.09880112667090887
5 0.35412524919251637 0.6098171586171386 0.04354326866768634 0.1676602146721816
4 0.326426943186162 0.630447831954184 0.05804214529089187 0.19282384667409042
3 0.19454965179030417 0.6679125639720013 0.06867963636243805 0.17576361600890866
5 0.21107072443575006 0.5716460913033196 0.04083528003177213 0.10201703333863606