2 0.07992683187306851 0.36219599385167994 0.014144313231716544 0.014144313231716587
7 0.07826888310273251 0.37859315349260025 0.01260908430895542 0.018822722872636886
1 0.2459331060735653 0.43191411709365923 0.02678975897699045 0.039217036104353474
5 0.34737691052468317 0.5871970356133742 0.03534766842151908 0.1673874878997516
4 0.3835825761175319 0.5413123638722054 0.03966246369925468 0.10335225897699055
5 0.3123888321676561 0.5580862525340827 0.044422686571891745 0.11587953005422928
6 0.43987802791292996 0.5338271167990716 0.02558178298109546 0.10014544574527395
4 0.4074558924725064 0.6008282644379395 0.04322380093507636 0.17837043969514976
5 0.46679453103618795 0.6074236980829649 0.05710449375348396 0.14720225292686634
3 0.7602263684684013 0.663820185589933 0.04162493949875792 0.17211134933607006
5 0.5566019195998695 0.614196393730043 0.036710180521767555 0.13302157825883115
4 0.5597132840612501 0.6165583244482022 0.04939198770335977 0.1643443011314682
4 0.468688829142594 0.5504015384420445 0.032059041958085996 0.1392443071815924
6 0.7070740973911624 0.6681986133812261 0.047984023807713425 0.1908977107723885
6 0.00547225341784556 0.6328534066158583 0.01094450683569112 0.19383181323171658
5 0.42178655806535514 0.5548163276696559 0.04910109621281204 0.11434430113146803
4 0.6410132810361879 0.6084372731203423 0.05722266842151917 0.16751475292686635
0 0.6214593051384889 0.6122298936318471 0.011055674668035032 0.020376132513557365