2 0.9369856633911336 0.42035885080900803 0.014226132001908809 0.014144313231716587
7 0.9371947487269063 0.438327600809008 0.014280676002545433 0.018831813231716586
1 0.7658379167329515 0.4838587903077659 0.027017033338636053 0.039217036104353654
5 0.7921844301002225 0.7337224349215716 0.07082267202418073 0.17852497579950324
4 0.7874332954328136 0.7282809559988106 0.0604487933640895 0.22689884328594587
4 0.7477339014162689 0.6066286697962612 0.03448518268618095 0.1439408975406719
5 0.6165657174172233 0.614423509958949 0.036029501352635405 0.1423874878997516
5 0.5137770720878141 0.6439297236582039 0.038064716024817 0.18302157825883114
6 0.5621867527450418 0.574112127347196 0.024601105346908448 0.10013635538619425
5 0.3783117394175416 0.6181535397185908 0.03165108402290802 0.1689227168225127
4 0.35279411875395056 0.6409597806434044 0.044405622692544264 0.19087043969514958
3 0.2236247867599957 0.6862455304470128 0.05516130935708983 0.17530907220870695
5 0.23031004408017813 0.5893250786516147 0.032413605346908445 0.10018180718159239