2 0.09605103337840701 0.33149491881430254 0.01424431333545444 0.015706813231716587
7 0.09310784671386145 0.34713809953246183 0.014280676002545345 0.018831813231716586
1 0.25949646272277016 0.41179952147002236 0.030160214672181596 0.040797716822512695
5 0.3535748214114964 0.5737631902843249 0.04885676535645356 0.1705852107723885
4 0.39291858473899666 0.5305626361277946 0.04811133068109026 0.10652271077238851
5 0.3196174447405875 0.5427086330045366 0.05296246268299924 0.12061248184962743
6 0.4514577907383604 0.525534247662309 0.03399428668045381 0.1017533975406721
4 0.41394015674726903 0.5913819614597596 0.056814716024817004 0.18313066256778665
5 0.4734515167488599 0.6027552778147341 0.0689510893539083 0.15195338544042353
3 0.7672929707590412 0.6760508354873058 0.05517949069063519 0.17687157220870695
5 0.5634407174172235 0.6147325821676561 0.046912457351999136 0.13776362041330897
4 0.5665929894175417 0.6170581514494968 0.06135676535645338 0.1706579336450254
4 0.47824755740767844 0.5449109615579555 0.043842001352635405 0.14243293969514959
6 0.7134049020925867 0.6779269528755526 0.06321016669318062 0.1956670240041051
6 0.012450382081450797 0.5999681837432214 0.013228348026726044 0.19693863251355737
5 0.4298282387412238 0.5467552626894235 0.0576317813494537 0.11907725292686636
4 0.6493691267504507 0.6134513624182771 0.07074994668999893 0.17227497579950324
0 0.6290838987507689 0.6159132870863122 0.012754538669636162 0.02194772287263689