2 0.115625 0.3457682418823252 0.0140625 0.01587046185055314
7 0.1125 0.36211994480442444 0.0140625 0.018995461850553053
1 0.2703125 0.43128082223840886 0.028125 0.0411159237011061
5 0.196875 0.6745302159077429 0.06875 0.1699500357138149
4 0.23203125 0.6821751205341254 0.0640625 0.19018071509696383
4 0.3125 0.535923457790068 0.0328125 0.12244774431795716
5 0.31484375 0.5547143680984935 0.0375 0.1194045649348082
5 0.51796875 0.6262286781620376 0.0515625 0.17433752678536116
6 0.4578125 0.5509598969124496 0.0296875 0.09739319724005639
5 0.53515625 0.6077786870904914 0.04375 0.16326365909060953
4 0.640625 0.6166509009696395 0.053125 0.16498980032431163
3 0.8328125 0.7215680462605312 0.071875 0.19812958279171564
5 0.73125 0.6362015162287591 0.0453125 0.13829093262955983
6 0.00703125 0.6188727309252766 0.0140625 0.21274546185055315