2 0.1141506699554566 0.328125 0.015806813335454438 0.015625
7 0.10927226595322943 0.34453125 0.015861357336090797 0.0203125
1 0.26775638060950263 0.42109375 0.03174089600572696 0.0421875
5 0.1820894112428678 0.66640625 0.07703630935708983 0.175
4 0.2163825952419133 0.6734375 0.07721812269254427 0.190625
4 0.29385470926163965 0.528125 0.04206132535009015 0.1234375
5 0.3295285799252307 0.55078125 0.050019276018453684 0.1359375
5 0.5240956452498675 0.61484375 0.056778353357726095 0.1796875
6 0.453801873925867 0.54609375 0.03553860534690845 0.1
5 0.5708433759150493 0.62578125 0.05983062802354446 0.1734375
4 0.6964882659134585 0.6375 0.07093176002545327 0.1875
3 0.8243127265675045 0.73046875 0.08517607336090763 0.203125
5 0.7597058812460494 0.64296875 0.054834045353271674 0.146875