2 0.09313873595641109 0.3205301477370637 0.015806813335454438 0.01571590359079611
7 0.0898137412874112 0.33773582845522293 0.014280676002545345 0.018831813231716586
1 0.24991489994432073 0.40867452147002237 0.030160214672181596 0.040797716822512695
5 0.1673274772438223 0.6583568797830829 0.07547380935708983 0.17542724687674216
4 0.20316497990932234 0.6667415515242515 0.07102266669318062 0.19571247579950324
4 0.28930356926323053 0.5146881721339522 0.037392006683635605 0.12520907825883115
5 0.29142005259391246 0.5342057865953328 0.0420431440165447 0.12211134933607007
5 0.4991501892505038 0.6072109736582039 0.05832267202418073 0.17845225292686634
6 0.439121755927776 0.529440497662309 0.033976105346908446 0.10019089754067209
5 0.5157837059198218 0.5875842748878679 0.04882040268936265 0.1674602107723885
4 0.6250496179185492 0.5963229497522946 0.059776084022908016 0.16908634328594588
3 0.8191076059039135 0.7029991548673424 0.07890789202736244 0.20200792759490122
5 0.7170098512492311 0.6153178685665972 0.05163632001909004 0.14091589149054773