2 0.08046875 0.3571863386775904 0.015625 0.015806813335454438
7 0.07734375 0.37355622601049954 0.015625 0.02049431333545444
6 0.42578125 0.5752669133911337 0.03125 0.10036362667090888
4 0.234375 0.5777272000318167 0.046875 0.1536704400063634
5 0.1828125 0.677127216024817 0.06875 0.21329997867599956
4 0.1828125 0.687283466024817 0.0734375 0.22585452267663583
5 0.378125 0.6098686327179976 0.0421875 0.14736589600572697
3 0.71796875 0.747416822764132 0.0625 0.18978975334181775
5 0.44921875 0.6513208833943154 0.06875 0.18517497867599958
5 0.61484375 0.6563731047501326 0.0609375 0.1710215720082724
4 0.609375 0.6813094700827234 0.0671875 0.19609429734245404
5 0.753125 0.6736071527689044 0.0515625 0.15059998400699967
1 0.240625 0.4512374253659985 0.03125 0.04098862667090888