2 0.9275313699475024 0.3758735845401422 0.014226132001908809 0.014226132001908986
7 0.9289029659452751 0.3922616532065967 0.012718176002545078 0.018895450668363532
1 0.7565007072724573 0.4395740998965957 0.027017033338636053 0.03937158267027243
5 0.64461723058564 0.5892933839115495 0.041026084022908194 0.16920453333863605
4 0.6107967612587762 0.5420371232495493 0.04184314934754489 0.10516021467218159
5 0.6816541539226855 0.5615223725732316 0.046676100015908516 0.11771475867281786
6 0.5538927805935943 0.5317632419239581 0.027726105346908447 0.10030908267027261
4 0.5827803019175948 0.6001677965865946 0.047403353357726274 0.18021475867281786
5 0.5233598485837311 0.6047649372613215 0.059539726686817215 0.1491102093411815
3 0.22446781524509496 0.6473000719685015 0.04576812802354437 0.1739465773392725
5 0.4327166672501857 0.6073819546069573 0.03906359468490841 0.1348113520050907
4 0.42956439524986745 0.6097620672740482 0.05350790268936265 0.16778748400699967
4 0.5255950579249126 0.546934255927776 0.03601132001909004 0.14102498933799978
6 0.27750190857736773 0.6544944066279563 0.05223630402608972 0.19276930267345432
6 0.9836973645767314 0.6509639438654153 0.014754485359635083 0.1938954506683636
5 0.5715979012571853 0.5542104065881854 0.05290791868236298 0.11622498400699968
4 0.347678595918231 0.5982165872851841 0.06133858402290802 0.16944089067472703
0 0.36717348325114013 0.601114320615866 0.011173857336090798 0.02043976933481808