2 0.07615775649611704 0.3807682109687803 0.014307961850553053 0.014144313231716587
7 0.0735139975676633 0.39796934650739973 0.012827282467404078 0.018822722872636886
1 0.24055544724335176 0.4501171329063408 0.02724433847375849 0.039217036104353474
5 0.26996270901447456 0.6897654401861291 0.05149213636243814 0.17528180113146802
4 0.3340933928618504 0.6854864854638647 0.07671032467404082 0.18792724687674217
4 0.3021321010589555 0.5474052233636163 0.03332278896022585 0.11893180718159221
5 0.29153947443575007 0.5724643106976337 0.03170574188232518 0.11579771682251269
5 0.38878662135149494 0.5953336632551577 0.02912621266133204 0.1470295361043535
6 0.43726107752000515 0.5481814073032293 0.018851185875970698 0.0954124939498758
5 0.4129780978125446 0.5967552626894236 0.04181712743398443 0.15803975897699055
4 0.4268905933483177 0.605267199457707 0.05596144805083547 0.16280907220870694
3 0.756091123787127 0.6760008385123679 0.04052736282348768 0.17365566861791085
5 0.5838536595009419 0.6082598683702054 0.047439836038126515 0.12213862041330899
4 0.6785349139651687 0.5991161516458886 0.03365007142762995 0.13768180718159223
4 0.5405263993546722 0.5842956484244347 0.03553985389503396 0.15644089754067209
0 0.6640866302799487 0.5765462600571449 0.0128545560063543 0.020385222872636888
6 0.7974837370176517 0.6765411939967579 0.05187396590774292 0.19715680113146802
6 0.010838493914215335 0.6483465964092038 0.02167698782843067 0.2001818071815924