5 0.20856045723268646 0.74140625 0.05679653469127155 0.18125
4 0.20707977323364096 0.734375 0.057269249363453144 0.221875
4 0.24203712324954935 0.6171875 0.029888589353908125 0.1515625
4 0.6345422492441404 0.65703125 0.056960166693180624 0.1953125
5 0.7723967852482767 0.6265625 0.03768290802036276 0.15
3 0.7535189685710044 0.7046875 0.05065562269254435 0.190625
5 0.6332524692473221 0.63359375 0.04880222135581711 0.165625
5 0.46972577124445863 0.6546875 0.056814716024817004 0.1828125
6 0.43618711258754905 0.5828125 0.023020424013363083 0.0984375
5 0.38800360391473115 0.628125 0.03924540802036276 0.15
7 0.058935363940184574 0.440625 0.012699994668999893 0.0171875
2 0.059126267942411735 0.42421875 0.01424431333545444 0.015625
1 0.23022856126673036 0.490625 0.028579533338636144 0.0390625