2 0.0822251300776704 0.3700221293902993 0.015715903590796176 0.0157159035907962
7 0.07899559094825481 0.3879726986721401 0.014171584308955421 0.018831813231716586
1 0.24498822961013217 0.46003457191411934 0.029923849336070063 0.040797716822512695
5 0.17010536251647296 0.7080448250373774 0.07138516237139489 0.18478406615858275
4 0.20370820287555258 0.7066777677575892 0.06381810206654456 0.2269261143631846
4 0.25601156714054146 0.5796339996072166 0.04457722267624522 0.14244203005422928
5 0.3581871454975685 0.6091356681269315 0.04457722267624522 0.14244203005422928
5 0.4938473895456402 0.6575827793668582 0.04640334308955403 0.187763620413309
6 0.4403911123200812 0.5799254119786115 0.02870678298109546 0.10016362646343317
5 0.607937160622879 0.6535588755796703 0.05570562021691714 0.17531816256778665
4 0.6663763745185255 0.6804622640451561 0.06052947560311139 0.1987829336450254
3 0.7933110583599428 0.7515156283101448 0.0870919756031114 0.19893746974937887
5 0.770509883495516 0.6420042729239507 0.03654655405833438 0.10489657825883114