2 0.09999726328772937 0.3359375 0.01424431333545444 0.015625
7 0.09590010928550219 0.35234375 0.014280676002545345 0.01875
1 0.2560285399427299 0.421875 0.030160214672181596 0.040625
5 0.17893713924254961 0.66875 0.07074994668999893 0.171875
4 0.21402975457514056 0.67421875 0.06938744135899881 0.1890625
4 0.28448879992841236 0.52734375 0.037355644016544697 0.121875
5 0.3209530112587761 0.54921875 0.04373291335136287 0.1328125
5 0.5156109832511401 0.60546875 0.05049199069063519 0.1765625
6 0.44371834926004877 0.53984375 0.030832924013363083 0.0984375
5 0.5615865545830948 0.615625 0.05510676535645338 0.1703125
4 0.6872859885821402 0.62265625 0.06308289735836255 0.184375
3 0.8167365839035954 0.71015625 0.0773272106938169 0.2
5 0.7497496259150493 0.62578125 0.04856586401972649 0.1453125