2 0.196875 0.6745302159077429 0.06875 0.1699500357138149
1 0.23203125 0.6821751205341254 0.0640625 0.19018071509696383
1 0.3125 0.535923457790068 0.0328125 0.12244774431795716
2 0.31484375 0.5547143680984935 0.0375 0.1194045649348082
2 0.51796875 0.6262286781620376 0.0515625 0.17433752678536116
3 0.4578125 0.5509598969124496 0.0296875 0.09739319724005639
2 0.53515625 0.6077786870904914 0.04375 0.16326365909060953
1 0.640625 0.6166509009696395 0.053125 0.16498980032431163
2 0.73125 0.6362015162287591 0.0453125 0.13829093262955983
3 0.00703125 0.6188727309252766 0.0140625 0.21274546185055315
