2 0.24671738876508637 0.7291592146899267 0.06757040268936257 0.1683329886359143
1 0.2826639794318591 0.7305677560857846 0.061556760025453364 0.18853639448011278
1 0.33080948341022376 0.5720655093321956 0.032649962682999245 0.12085797077900687
2 0.33725947807922363 0.5893621034879969 0.03573860001590834 0.11778751785690744
2 0.5493145827498144 0.621963918015768 0.04887494668999892 0.1726932061685101
3 0.47515892007476934 0.5589633116851019 0.02925224267981754 0.09736592370110611
2 0.5607787940801782 0.6002934695578955 0.042515858688726205 0.16320911201270877
1 0.6653026620782692 0.5880582966675683 0.05189085868872638 0.16337275324641087
2 0.7582714120782692 0.5896810722351136 0.0453317760184536 0.13670115909060954
3 0.03563443809672282 0.712977286931631 0.04307948002863504 0.2116466120127088
