2 0.246875 0.7372476507001803 0.071875 0.1695863413430903
1 0.2734375 0.7359942333704528 0.0703125 0.19769316000954493
1 0.33046875 0.5702516020448616 0.0375 0.11918635200509069
2 0.31953125 0.5951243327100435 0.0390625 0.11607953333863605
2 0.4609375 0.6202072433959062 0.0515625 0.15841248400699967
3 0.4578125 0.5311083807288153 0.025 0.04872840133672725
2 0.4765625 0.5992953067313607 0.0578125 0.16004770934118148
1 0.5125 0.5973697274029058 0.04375 0.16300907733927233
2 0.6484375 0.5887952534213596 0.0421875 0.12549089600572713
1 0.7890625 0.5521503234404496 0.0515625 0.15059998400699967
1 0.671875 0.5812554734245412 0.059375 0.16944089067472684
0 0.77421875 0.5254151007717679 0.0140625 0.018913632001908987
3 0.95546875 0.6134616354630396 0.0734375 0.19616702267663583
3 0.04296875 0.7114374866724997 0.0609375 0.2007090720082722
