2 0.7914389954248595 0.6651008112269594 0.0723669906906352 0.1773806600095451
1 0.7626509240929048 0.6755934158975501 0.08190562269254435 0.19155224801081766
1 0.684315744072224 0.5241405512412769 0.038899962682999244 0.1207488520050907
2 0.6994322140754056 0.5474053285725953 0.04040791868236297 0.11607953333863605
2 0.5781481074156326 0.5996047225891399 0.07214881468808994 0.15863066000954512
3 0.5504947274029058 0.5061638052594125 0.01911362667090888 0.031468176002545256
2 0.5560731127466327 0.5826717612587762 0.04554995202099903 0.15519657733927233
1 0.5304009507479053 0.592346753262276 0.06277381468808993 0.15852157200827222
2 0.3883952640833598 0.6096262546149115 0.053053369350726506 0.12872498400699967
1 0.2578719700827235 0.6064568959659561 0.05027381468808993 0.15837612133990878
1 0.39301912941595074 0.6041029606142752 0.04867495202099903 0.1552329400063634
0 0.28894070408972317 0.6576648599618199 0.014298857336090797 0.020476132001908988
3 0.12782193809672282 0.7111091279837735 0.07414766669318062 0.19614884134309046
3 0.9810612853675893 0.5886184852005515 0.037877429264821315 0.19113407733927232
