2 0.7516594274347226 0.746875 0.08016130935708983 0.175
1 0.7235071554344044 0.74453125 0.07736357336090798 0.203125
1 0.6660384587444055 0.57265625 0.043605644016544785 0.121875
2 0.6780572007479053 0.5984375 0.04358746268299925 0.1203125
2 0.5314458300843142 0.62109375 0.05815904002227157 0.1640625
3 0.5350515407383604 0.528125 0.027126121339908948 0.0484375
2 0.5147759507479053 0.5984375 0.0644272213558171 0.165625
1 0.47801174741404173 0.59453125 0.05038290268936265 0.1671875
2 0.3372412967456782 0.58203125 0.04680336935072642 0.128125
1 0.19300949140672388 0.540625 0.05648745202099903 0.1546875
1 0.3136947087444055 0.57265625 0.06453630935708983 0.175
0 0.20831631806967862 0.51328125 0.015861357336090797 0.0203125
3 0.03353504141467807 0.59921875 0.055470392027362384 0.2015625
3 0.9623605700986317 0.7265625 0.06804311736154389 0.2078125
