2 0.7865065947644501 0.7112581958943685 0.05666926535645338 0.17094884667409058
1 0.7568918200986319 0.7178536412317319 0.06949652936027154 0.19921929734245403
1 0.6885674394095874 0.5537825979074134 0.02956132535009015 0.12376476400381797
2 0.7013492500795419 0.5778558972390497 0.031069281349453703 0.11909544533736352
2 0.5697725334181779 0.6184547199236399 0.0596669960216353 0.16004770934118148
3 0.5546373347389967 0.526430851925549 0.020876121339908772 0.048673857336090795
2 0.5507679947485418 0.5967978959261853 0.03931813335454457 0.1566863520050905
1 0.5195725387491781 0.6018490225970942 0.044096540022271744 0.16455339600572713
2 0.3750503794159507 0.6043120459500477 0.04367836935072642 0.12861589600572695
1 0.23499754408017814 0.587970525302365 0.0393908586887262 0.16293635200509068
1 0.37106231341499624 0.5973262492839113 0.05187267735518084 0.16151930267345413
0 0.25715435475013254 0.6119347366327288 0.012718176002545345 0.018895450668363623
3 0.07813047342454126 0.671056839990455 0.06326471069381692 0.2007090720082724
3 0.9892783200389754 0.6604116691995972 0.021443359922049154 0.19562158267027244
