2 0.7279291676186167 0.7187257978994592 0.07654668344033873 0.17897952267663603
1 0.6966109837712409 0.7229956745703681 0.08616714529089187 0.19315111067790855
1 0.6581093656694521 0.5570712299093223 0.04116256249917623 0.12076703333863606
2 0.6678156022767714 0.5827343012412769 0.042670515421275465 0.1176602146721816
2 0.5361837727314667 0.6061365332590943 0.07621940097293453 0.16022952267663584
3 0.5331872321463879 0.5093160772597306 0.02088524431795715 0.033048857336090795
2 0.5193644655072964 0.5852427779280942 0.04960235389503396 0.15679544000636342
1 0.49197980519887086 0.5879047012651395 0.06528190097293454 0.16010225334181777
2 0.35007867735784937 0.573152952617775 0.05692393019392785 0.1287613466740906
1 0.2233213084452817 0.5410409813017287 0.05434440097293471 0.15997498400699967
1 0.35483436120522527 0.5691921586171387 0.05116485389503396 0.15681362133990878
0 0.2402945742735943 0.5978631459659561 0.01441705600635439 0.020476132001908988
3 0.06972297565356605 0.6146886613224096 0.07843646590774285 0.19774770401018138
3 0.9408928177807725 0.6896906365372787 0.061167145290891865 0.19286020934118148
