2 0.24407867282132328 0.7521095820337258 0.07443743949875792 0.17272952267663602
1 0.2815877631804029 0.7509834340388164 0.06987720452587265 0.19454997867599957
1 0.3270780460633026 0.5866578520448616 0.0366556383672898 0.12385567067154532
2 0.334004756933887 0.604708418045816 0.039762457649130487 0.12076703333863606
2 0.5518462419067723 0.6291197140754056 0.05571471057599684 0.17719884667409058
3 0.4740757659108775 0.5672731473981333 0.03339428298109546 0.10038180800445425
2 0.562911006933887 0.6073719834102237 0.04783857806243948 0.1661704400063634
1 0.6692700912428424 0.589858314091314 0.05878516842151917 0.16786020934118148
2 0.7638195219610016 0.5878332847708133 0.050809041958086 0.13964430267345412
3 0.030833784257641772 0.7433778300047725 0.046566969552987246 0.21615225867281787
