2 0.4030860341594459 0.678125 0.07126698770335996 0.1640625
1 0.3404501996540988 0.5671875 0.04289654800821019 0.121875
2 0.3285769135497453 0.59375 0.03975336729005097 0.11875
2 0.42928089549756854 0.60703125 0.05090903590796181 0.15625
3 0.4725632628858154 0.553125 0.030269282981095456 0.1
1 0.44486953406125007 0.61328125 0.054088578062439475 0.165625
1 0.4992525070320829 0.665625 0.07766243344863373 0.1890625
2 0.6011831665748073 0.60234375 0.052344270880847074 0.134375
1 0.6700104346269841 0.5890625 0.05562380698520073 0.1609375
1 0.5560842900131784 0.565625 0.04150676483072289 0.1515625
0 0.680048509958949 0.609375 0.01418976502711473 0.021875
3 0.7943109978587006 0.575 0.048892017953980724 0.078125
3 0.04432411251647298 0.70703125 0.05431583703942992 0.2046875
2 0.41996043765204616 0.59765625 0.035120409444528634 0.128125
